#MRD
0
10
20
30
40
50
60
70
80
90
100
110
120
130
140
150
160
170
180
190
200
210
220
230
240
250
260
270
280
290
300
310
320
330
340
350
360
370
380
390
400
410
420
430
440
450
460
470
480
490
500
510
520
530
540
550
560
570
580
590
600
610
620
630
640
650
660
#END
#CCT
Inf
100000
50000
33333
25000
20000
16667
14286
12500
11111
10000
9091
8333
7692
7143
6667
6250
5882
5556
5263
5000
4762
4545
4348
4167
4000
3846
3704
3571
3448
3333
3226
3125
3030
2941
2857
2778
2703
2632
2564
2500
2439
2381
2326
2273
2222
2174
2128
2083
2041
2000
1961
1923
1887
1852
1818
1786
1754
1724
1695
1667
1639
1613
1587
1563
1538
1515
#END
#OnX_OnY_ExX_ExY
0.2399 0.2341 0.2687 0.2146
0.2426 0.2381 0.2691 0.2186
0.2456 0.2425 0.2707 0.2228
0.2489 0.2472 0.2723 0.2275
0.2525 0.2523 0.2741 0.2325
0.2565 0.2577 0.2761 0.2378
0.2607 0.2634 0.2785 0.2433
0.2653 0.2693 0.2812 0.2492
0.2701 0.2755 0.2842 0.2552
0.2752 0.2818 0.2876 0.2614
0.2806 0.2883 0.2912 0.2677
0.2863 0.2949 0.2912 0.2677
0.2921 0.3015 0.2998 0.2804
0.2982 0.3081 0.3044 0.2868
0.3045 0.3146 0.3093 0.2931
0.3110 0.3211 0.3145 0.2994
0.3176 0.3275 0.3199 0.3055
0.3243 0.3338 0.3254 0.3115
0.3311 0.3399 0.3311 0.3174
0.3380 0.3459 0.3370 0.3231
0.3450 0.3516 0.3430 0.3286
0.3521 0.3571 0.3491 0.3339
0.3591 0.3624 0.3552 0.3390
0.3662 0.3674 0.3614 0.3438
0.3733 0.3722 0.3676 0.3484
0.3804 0.3767 0.3739 0.3528
0.3874 0.3810 0.3801 0.3569
0.3944 0.3850 0.3864 0.3607
0.4013 0.3887 0.3926 0.3643
0.4081 0.3921 0.3987 0.3677
0.4149 0.3953 0.4049 0.3708
0.4216 0.3982 0.4109 0.3736
0.4282 0.4009 0.4169 0.3762
0.4347 0.4033 0.4229 0.3786
0.4411 0.4055 0.4287 0.3807
0.4473 0.4074 0.4345 0.3826
0.4535 0.4091 0.4401 0.3843
0.4595 0.4105 0.4457 0.3857
0.4654 0.4118 0.4512 0.3870
0.4712 0.4128 0.4566 0.3881
0.4769 0.4137 0.4618 0.3890
0.4824 0.4143 0.4670 0.3897
0.4878 0.4148 0.4720 0.3902
0.4931 0.4151 0.4770 0.3906
0.4982 0.4153 0.4818 0.3908
0.5033 0.4153 0.4866 0.3909
0.5082 0.4151 0.4912 0.3908
0.5129 0.4149 0.4957 0.3907
0.5176 0.4145 0.5001 0.3904
0.5221 0.4140 0.5044 0.3900
0.5266 0.4133 0.5086 0.3895
0.5309 0.4126 0.5127 0.3889
0.5351 0.4118 0.5167 0.3882
0.5391 0.4109 0.5207 0.3874
0.5431 0.4099 0.5245 0.3866
0.5470 0.4089 0.5282 0.3856
0.5508 0.4078 0.5318 0.3847
0.5545 0.4066 0.5354 0.3836
0.5581 0.4054 0.5389 0.3825
0.5616 0.4041 0.5422 0.3814
0.5650 0.4028 0.5455 0.3802
0.5683 0.4014 0.5488 0.3790
0.5715 0.4000 0.5519 0.3778
0.5747 0.3986 0.5550 0.3765
0.5778 0.3972 0.5580 0.3725
0.5808 0.3957 0.5609 0.3738
0.5837 0.3942 0.5638 0.3725
#END
#OnU_OnV_ExU_ExV
0.1801 0.2635 0.2132 0.2556
0.1807 0.2659 0.2117 0.2579
0.1813 0.2685 0.2110 0.2605
0.1821 0.2712 0.2102 0.2632
0.1829 0.2741 0.2092 0.2661
0.1839 0.2771 0.2083 0.2691
0.1849 0.2802 0.2077 0.2722
0.1861 0.2834 0.2072 0.2755
0.1874 0.2867 0.2069 0.2787
0.1888 0.2899 0.2068 0.2820
0.1903 0.2933 0.2069 0.2853
0.1919 0.2933 0.2069 0.2853
0.1936 0.2999 0.2080 0.2918
0.1955 0.3030 0.2087 0.2950
0.1975 0.3061 0.2097 0.2981
0.1996 0.3092 0.2109 0.3012
0.2018 0.3122 0.2123 0.3043
0.2045 0.3158 0.2138 0.3070
0.2064 0.3178 0.2155 0.3098
0.2088 0.3205 0.2173 0.3125
0.2114 0.3231 0.2193 0.3151
0.2100 0.3255 0.2213 0.3175
0.2166 0.3279 0.2235 0.3199
0.2194 0.3302 0.2257 0.3221
0.2222 0.3323 0.2281 0.3243
0.2251 0.3344 0.2306 0.3263
0.2280 0.3363 0.2331 0.3283
0.2309 0.3381 0.2357 0.3301
0.2330 0.3398 0.2384 0.3318
0.2369 0.3415 0.2410 0.3335
0.2400 0.3431 0.2439 0.3351
0.2432 0.3445 0.2467 0.3365
0.2462 0.3464 0.2496 0.3378
0.2494 0.3471 0.2526 0.3392
0.2526 0.3483 0.2555 0.3403
0.2559 0.3495 0.2585 0.3414
0.2509 0.3505 0.2615 0.3425
0.2623 0.3515 0.2646 0.3435
0.2659 0.3548 0.2677 0.3444
0.2688 0.3532 0.2706 0.3452
0.2721 0.3541 0.2738 0.3460
0.2753 0.3547 0.2771 0.3468
0.2786 0.3554 0.2801 0.3474
0.2819 0.3560 0.2833 0.3480
0.2852 0.3566 0.2865 0.3486
0.2885 0.3571 0.2897 0.3491
0.2918 0.3575 0.2929 0.3495
0.2950 0.3580 0.2960 0.3500
0.2983 0.3584 0.2997 0.3504
0.3016 0.3587 0.3001 0.3504
0.3050 0.3591 0.3056 0.3510
0.3082 0.3593 0.3089 0.3511
0.3114 0.3595 0.3119 0.3516
0.3146 0.3597 0.3152 0.3517
0.3179 0.3599 0.3183 0.3519
0.3212 0.3602 0.3215 0.3521
0.3243 0.3602 0.3246 0.3522
0.3276 0.3603 0.3278 0.3523
0.3307 0.3604 0.3310 0.3524
0.3339 0.3604 0.3340 0.3547
0.3371 0.3605 0.3371 0.3525
0.3403 0.3605 0.3404 0.3525
0.3433 0.3605 0.3433 0.3541
0.3465 0.3605 0.3464 0.3507
0.3496 0.3605 0.3494 0.3524
0.3507 0.3604 0.3525 0.3524
0.3556 0.3604 0.3551 0.3519
#END
