#ColorSpace CIE_1931_XYZ
#Coord1_Coord2_CCT
0.625800 0.344400 1000.0
0.625100 0.367400 1200.0
0.598500 0.385800 1400.0
0.585700 0.393100 1500.0
0.573200 0.399300 1600.0
0.561100 0.404300 1700.0
0.549300 0.408200 1800.0
0.537800 0.411200 1900.0
0.526700 0.413300 2000.0
0.516000 0.414600 2100.0
0.505600 0.415200 2200.0
0.495700 0.415200 2300.0
0.486200 0.414700 2400.0
0.477000 0.413700 2500.0
0.468200 0.412300 2600.0
0.459900 0.410600 2700.0
0.451900 0.408600 2800.0
0.444200 0.406500 2900.0
0.436900 0.404100 3000.0
0.430000 0.401600 3100.0
0.423400 0.399000 3200.0
0.417100 0.396300 3300.0
0.411000 0.393500 3400.0
0.405300 0.390700 3500.0
0.399900 0.387900 3600.0
0.394700 0.385100 3700.0
0.389700 0.382300 3800.0
0.385000 0.379500 3900.0
0.380500 0.376800 4000.0
0.376100 0.374000 4100.0
0.372000 0.371400 4200.0
0.368100 0.368700 4300.0
0.364400 0.366100 4400.0
0.360800 0.363600 4500.0
0.357400 0.361100 4600.0
0.354100 0.358600 4700.0
0.351000 0.356200 4800.0
0.348000 0.353900 4900.0
0.345100 0.351600 5000.0
0.339700 0.347200 5200.0
0.334800 0.343100 5400.0
0.330200 0.339100 5600.0
0.326000 0.335400 5800.0
0.322100 0.331800 6000.0
0.313500 0.323700 6500.0
0.306400 0.316600 7000.0
0.300400 0.310300 7500.0
0.295200 0.304800 8000.0
0.290800 0.300000 8500.0
0.286900 0.295600 9000.0
0.280700 0.288400 10000.0
0.263700 0.267400 15000.0
0.250100 0.248900 30000.0
