#Name CIE_B
#CCT 4874
#CRI 100
#Spectrum_Power_Distribution
300.0    0.000000
305.0    0.000000
310.0    0.000000
315.0    0.000000
320.0    0.020000
325.0    0.260000
330.0    0.500000
335.0    1.450000
340.0    2.400000
345.0    4.000000
350.0    5.600000
355.0    7.600000
360.0    9.600000
365.0    12.400000
370.0    15.200000
375.0    18.800000
380.0    22.400000
385.0    26.850000
390.0    31.300000
395.0    36.180000
400.0    41.300000
405.0    46.620000
410.0    52.100000
415.0    57.700000
420.0    63.200000
425.0    68.370000
430.0    73.100000
435.0    77.310000
440.0    80.800000
445.0    83.440000
450.0    85.400000
455.0    86.880000
460.0    88.300000
465.0    90.080000
470.0    92.000000
475.0    93.750000
480.0    95.200000
485.0    96.230000
490.0    96.500000
495.0    95.710000
500.0    94.200000
505.0    92.370000
510.0    90.700000
515.0    89.650000
520.0    89.500000
525.0    90.430000
530.0    92.200000
535.0    94.460000
540.0    96.900000
545.0    99.160000
550.0    101.000000
555.0    102.200000
560.0    102.800000
565.0    102.920000
570.0    102.600000
575.0    101.900000
580.0    101.000000
585.0    100.070000
590.0    99.200000
595.0    98.440000
600.0    98.000000
605.0    98.080000
610.0    98.500000
615.0    99.060000
620.0    99.700000
625.0    100.360000
630.0    101.000000
635.0    101.560000
640.0    102.200000
645.0    103.050000
650.0    103.900000
655.0    104.590000
660.0    105.000000
665.0    105.080000
670.0    104.900000
675.0    104.550000
680.0    103.900000
685.0    102.840000
690.0    101.600000
695.0    100.380000
700.0    99.100000
705.0    97.700000
710.0    96.200000
715.0    94.600000
720.0    92.900000
725.0    91.100000
730.0    89.400000
735.0    88.000000
740.0    86.900000
745.0    85.900000
750.0    85.200000
755.0    84.800000
760.0    84.700000
765.0    84.900000
770.0    85.400000
775.0    86.100000
780.0    87.000000
785.0    0.000000
790.0    0.000000
795.0    0.000000
800.0    0.000000
805.0    0.000000
810.0    0.000000
815.0    0.000000
820.0    0.000000
825.0    0.000000
830.0    0.000000
