#Name CIE_A
#CCT 2856
#CRI 100
#Spectrum_Power_Distribution
300.0    0.930000
305.0    1.130000
310.0    1.360000
315.0    1.620000
320.0    1.930000
325.0    2.270000
330.0    2.660000
335.0    3.100000
340.0    3.590000
345.0    4.140000
350.0    4.740000
355.0    5.410000
360.0    6.140000
365.0    6.950000
370.0    7.820000
375.0    8.770000
380.0    9.800000
385.0    10.900000
390.0    12.900000
395.0    13.350000
400.0    14.710000
405.0    16.150000
410.0    17.680000
415.0    19.290000
420.0    20.990000
425.0    22.790000
430.0    24.670000
435.0    26.640000
440.0    28.700000
445.0    30.850000
450.0    33.090000
455.0    35.410000
460.0    37.810000
465.0    40.300000
470.0    42.870000
475.0    45.520000
480.0    48.240000
485.0    51.040000
490.0    53.910000
495.0    56.850000
500.0    59.860000
505.0    62.930000
510.0    66.060000
515.0    69.250000
520.0    72.500000
525.0    75.790000
530.0    79.130000
535.0    82.520000
540.0    85.950000
545.0    89.410000
550.0    92.910000
555.0    96.440000
560.0    100.000000
565.0    103.580000
570.0    107.180000
575.0    110.800000
580.0    114.440000
585.0    118.080000
590.0    121.730000
595.0    125.390000
600.0    129.040000
605.0    132.700000
610.0    136.350000
615.0    139.990000
620.0    143.620000
625.0    147.240000
630.0    150.840000
635.0    154.420000
640.0    157.980000
645.0    161.520000
650.0    165.030000
655.0    168.510000
660.0    171.960000
665.0    175.380000
670.0    178.770000
675.0    182.120000
680.0    185.430000
685.0    188.700000
690.0    191.930000
695.0    195.120000
700.0    198.260000
705.0    201.360000
710.0    204.410000
715.0    207.410000
720.0    210.360000
725.0    213.270000
730.0    216.120000
735.0    218.920000
740.0    221.670000
745.0    224.360000
750.0    227.000000
755.0    229.590000
760.0    232.120000
765.0    234.590000
770.0    237.010000
775.0    239.370000
780.0    241.680000
785.0    243.920000
790.0    246.120000
795.0    248.250000
800.0    250.330000
805.0    252.350000
810.0    254.310000
815.0    256.220000
820.0    258.070000
825.0    259.860000
830.0    261.600000
