#Name CIE_C
#CCT 6774
#CRI 100
#Spectrum_Power_Distribution
300.0    0.000000
305.0    0.000000
310.0    0.000000
315.0    0.000000
320.0    0.010000
325.0    0.200000
330.0    0.400000
335.0    1.550000
340.0    2.700000
345.0    4.850000
350.0    7.000000
355.0    9.950000
360.0    12.900000
365.0    17.200000
370.0    21.400000
375.0    27.500000
380.0    33.000000
385.0    39.920000
390.0    47.400000
395.0    55.170000
400.0    63.300000
405.0    71.810000
410.0    80.600000
415.0    89.530000
420.0    98.100000
425.0    105.800000
430.0    112.400000
435.0    117.750000
440.0    121.500000
445.0    123.450000
450.0    124.000000
455.0    123.600000
460.0    123.100000
465.0    123.300000
470.0    123.800000
475.0    124.090000
480.0    123.900000
485.0    122.920000
490.0    120.700000
495.0    116.900000
500.0    112.100000
505.0    106.980000
510.0    102.300000
515.0    98.810000
520.0    96.900000
525.0    96.780000
530.0    98.000000
535.0    99.940000
540.0    102.100000
545.0    103.950000
550.0    105.200000
555.0    105.670000
560.0    105.300000
565.0    104.110000
570.0    102.300000
575.0    100.150000
580.0    97.800000
585.0    95.430000
590.0    93.200000
595.0    91.220000
600.0    89.700000
605.0    88.830000
610.0    88.400000
615.0    88.190000
620.0    88.100000
625.0    88.060000
630.0    88.000000
635.0    87.860000
640.0    87.800000
645.0    87.990000
650.0    88.200000
655.0    88.200000
660.0    87.900000
665.0    87.220000
670.0    86.300000
675.0    85.300000
680.0    84.000000
685.0    82.210000
690.0    80.200000
695.0    78.240000
700.0    76.300000
705.0    74.360000
710.0    72.400000
715.0    70.400000
720.0    68.300000
725.0    66.300000
730.0    64.400000
735.0    62.800000
740.0    61.500000
745.0    60.200000
750.0    59.200000
755.0    58.500000
760.0    58.100000
765.0    58.000000
770.0    58.200000
775.0    58.500000
780.0    59.100000
785.0    0.000000
790.0    0.000000
795.0    0.000000
800.0    0.000000
805.0    0.000000
810.0    0.000000
815.0    0.000000
820.0    0.000000
825.0    0.000000
830.0    0.000000
