#Wavelength
380
381
382
383
384
385
386
387
388
389
390
391
392
393
394
395
396
397
398
399
400
401
402
403
404
405
406
407
408
409
410
411
412
413
414
415
416
417
418
419
420
421
422
423
424
425
426
427
428
429
430
431
432
433
434
435
436
437
438
439
440
441
442
443
444
445
446
447
448
449
450
451
452
453
454
455
456
457
458
459
460
461
462
463
464
465
466
467
468
469
470
471
472
473
474
475
476
477
478
479
480
481
482
483
484
485
486
487
488
489
490
491
492
493
494
495
496
497
498
499
500
501
502
503
504
505
506
507
508
509
510
511
512
513
514
515
516
517
518
519
520
521
522
523
524
525
526
527
528
529
530
531
532
533
534
535
536
537
538
539
540
541
542
543
544
545
546
547
548
549
550
551
552
553
554
555
556
557
558
559
560
561
562
563
564
565
566
567
568
569
570
571
572
573
574
575
576
577
578
579
580
581
582
583
584
585
586
587
588
589
590
591
592
593
594
595
596
597
598
599
600
601
602
603
604
605
606
607
608
609
610
611
612
613
614
615
616
617
618
619
620
621
622
623
624
625
626
627
628
629
630
631
632
633
634
635
636
637
638
639
640
641
642
643
644
645
646
647
648
649
650
651
652
653
654
655
656
657
658
659
660
661
662
663
664
665
666
667
668
669
670
671
672
673
674
675
676
677
678
679
680
681
682
683
684
685
686
687
688
689
690
691
692
693
694
695
696
697
698
699
700
701
702
703
704
705
706
707
708
709
710
711
712
713
714
715
716
717
718
719
720
721
722
723
724
725
726
727
728
729
730
731
732
733
734
735
736
737
738
739
740
741
742
743
744
745
746
747
748
749
750
751
752
753
754
755
756
757
758
759
760
761
762
763
764
765
766
767
768
769
770
771
772
773
774
775
776
777
778
779
780
781
782
783
784
785
786
787
788
789
790
791
792
793
794
795
796
797
798
799
800
801
802
803
804
805
806
807
808
809
810
811
812
813
814
815
816
817
818
819
820
821
822
823
824
825
826
827
828
829
830
#END
#TCS
#TCS1
#Name 7.5_P_4/10
#Munsell 7.5_P_4/10
#TCSR
0.108600
0.114480
0.120360
0.126240
0.132120
0.138000
0.144980
0.151960
0.158940
0.165920
0.172900
0.181660
0.190420
0.199180
0.207940
0.216700
0.224140
0.231580
0.239020
0.246460
0.253900
0.258820
0.263740
0.268660
0.273580
0.278500
0.279860
0.281220
0.282580
0.283940
0.285300
0.285900
0.286500
0.287100
0.287700
0.288300
0.287840
0.287380
0.286920
0.286460
0.286000
0.284020
0.282040
0.280060
0.278080
0.276100
0.274360
0.272620
0.270880
0.269140
0.267400
0.265220
0.263040
0.260860
0.258680
0.256500
0.253640
0.250780
0.247920
0.245060
0.242200
0.239380
0.236560
0.233740
0.230920
0.228100
0.225280
0.222460
0.219640
0.216820
0.214000
0.211280
0.208560
0.205840
0.203120
0.200400
0.197400
0.194400
0.191400
0.188400
0.185400
0.182980
0.180560
0.178140
0.175720
0.173300
0.170680
0.168060
0.165440
0.162820
0.160200
0.158140
0.156080
0.154020
0.151960
0.149900
0.148200
0.146500
0.144800
0.143100
0.141400
0.138880
0.136360
0.133840
0.131320
0.128800
0.127120
0.125440
0.123760
0.122080
0.120400
0.118400
0.116400
0.114400
0.112400
0.110400
0.109540
0.108680
0.107820
0.106960
0.106100
0.105240
0.104380
0.103520
0.102660
0.101800
0.100800
0.099800
0.098800
0.097800
0.096800
0.096260
0.095720
0.095180
0.094640
0.094100
0.092900
0.091700
0.090500
0.089300
0.088100
0.087320
0.086540
0.085760
0.084980
0.084200
0.083520
0.082840
0.082160
0.081480
0.080800
0.080220
0.079640
0.079060
0.078480
0.077900
0.077960
0.078020
0.078080
0.078140
0.078200
0.078020
0.077840
0.077660
0.077480
0.077300
0.077700
0.078100
0.078500
0.078900
0.079300
0.079240
0.079180
0.079120
0.079060
0.079000
0.079060
0.079120
0.079180
0.079240
0.079300
0.079560
0.079820
0.080080
0.080340
0.080600
0.080580
0.080560
0.080540
0.080520
0.080500
0.080260
0.080020
0.079780
0.079540
0.079300
0.079500
0.079700
0.079900
0.080100
0.080300
0.080540
0.080780
0.081020
0.081260
0.081500
0.082040
0.082580
0.083120
0.083660
0.084200
0.085600
0.087000
0.088400
0.089800
0.091200
0.093660
0.096120
0.098580
0.101040
0.103500
0.107040
0.110580
0.114120
0.117660
0.121200
0.126060
0.130920
0.135780
0.140640
0.145500
0.152100
0.158700
0.165300
0.171900
0.178500
0.184940
0.191380
0.197820
0.204260
0.210700
0.217760
0.224820
0.231880
0.238940
0.246000
0.252620
0.259240
0.265860
0.272480
0.279100
0.284760
0.290420
0.296080
0.301740
0.307400
0.312520
0.317640
0.322760
0.327880
0.333000
0.337240
0.341480
0.345720
0.349960
0.354200
0.358260
0.362320
0.366380
0.370440
0.374500
0.378000
0.381500
0.385000
0.388500
0.392000
0.394640
0.397280
0.399920
0.402560
0.405200
0.407880
0.410560
0.413240
0.415920
0.418600
0.420500
0.422400
0.424300
0.426200
0.428100
0.430380
0.432660
0.434940
0.437220
0.439500
0.440400
0.441300
0.442200
0.443100
0.444000
0.445140
0.446280
0.447420
0.448560
0.449700
0.450860
0.452020
0.453180
0.454340
0.455500
0.456640
0.457780
0.458920
0.460060
0.461200
0.462220
0.463240
0.464260
0.465280
0.466300
0.467180
0.468060
0.468940
0.469820
0.470700
0.472220
0.473740
0.475260
0.476780
0.478300
0.478200
0.478100
0.478000
0.477900
0.477800
0.479120
0.480440
0.481760
0.483080
0.484400
0.485060
0.485720
0.486380
0.487040
0.487700
0.488720
0.489740
0.490760
0.491780
0.492800
0.493440
0.494080
0.494720
0.495360
0.496000
0.496320
0.496640
0.496960
0.497280
0.497600
0.497940
0.498280
0.498620
0.498960
0.499300
0.499740
0.500180
0.500620
0.501060
0.501500
0.502080
0.502660
0.503240
0.503820
0.504400
0.504360
0.504320
0.504280
0.504240
0.504200
0.504820
0.505440
0.506060
0.506680
0.507300
0.508080
0.508860
0.509640
0.510420
0.511200
0.511900
0.512600
0.513300
0.514000
0.514700
0.514320
0.513940
0.513560
0.513180
0.512800
0.512400
0.512000
0.511600
0.511200
0.510800
0.512060
0.513320
0.514580
0.515840
0.517100
0.516380
0.515660
0.514940
0.514220
0.513500
0.514620
0.515740
0.516860
0.517980
0.519100
0.519100
0.519100
0.519100
0.519100
0.519100
0.519100
0.519100
0.519100
0.519100
0.519100
0.519100
0.519100
0.519100
0.519100
0.519100
0.519100
0.519100
0.519100
0.519100
0.519100
0.519100
0.519100
0.519100
0.519100
0.519100
0.519100
0.519100
0.519100
0.519100
0.519100
#END
#END
#TCS2
#Name 10_PB_4/10
#Munsell 10_PB_4/10
#TCSR
0.105300
0.110700
0.116100
0.121500
0.126900
0.132300
0.139080
0.145860
0.152640
0.159420
0.166200
0.175220
0.184240
0.193260
0.202280
0.211300
0.219360
0.227420
0.235480
0.243540
0.251600
0.257400
0.263200
0.269000
0.274800
0.280600
0.283900
0.287200
0.290500
0.293800
0.297100
0.298520
0.299940
0.301360
0.302780
0.304200
0.305860
0.307520
0.309180
0.310840
0.312500
0.313660
0.314820
0.315980
0.317140
0.318300
0.318560
0.318820
0.319080
0.319340
0.319600
0.320900
0.322200
0.323500
0.324800
0.326100
0.325940
0.325780
0.325620
0.325460
0.325300
0.324100
0.322900
0.321700
0.320500
0.319300
0.316860
0.314420
0.311980
0.309540
0.307100
0.304900
0.302700
0.300500
0.298300
0.296100
0.294340
0.292580
0.290820
0.289060
0.287300
0.284420
0.281540
0.278660
0.275780
0.272900
0.270220
0.267540
0.264860
0.262180
0.259500
0.255500
0.251500
0.247500
0.243500
0.239500
0.235480
0.231460
0.227440
0.223420
0.219400
0.214500
0.209600
0.204700
0.199800
0.194900
0.190560
0.186220
0.181880
0.177540
0.173200
0.169760
0.166320
0.162880
0.159440
0.156000
0.153520
0.151040
0.148560
0.146080
0.143600
0.140980
0.138360
0.135740
0.133120
0.130500
0.127880
0.125260
0.122640
0.120020
0.117400
0.115420
0.113440
0.111460
0.109480
0.107500
0.105820
0.104140
0.102460
0.100780
0.099100
0.097780
0.096460
0.095140
0.093820
0.092500
0.092320
0.092140
0.091960
0.091780
0.091600
0.091200
0.090800
0.090400
0.090000
0.089600
0.089620
0.089640
0.089660
0.089680
0.089700
0.089620
0.089540
0.089460
0.089380
0.089300
0.089260
0.089220
0.089180
0.089140
0.089100
0.088640
0.088180
0.087720
0.087260
0.086800
0.085840
0.084880
0.083920
0.082960
0.082000
0.082180
0.082360
0.082540
0.082720
0.082900
0.083400
0.083900
0.084400
0.084900
0.085400
0.085740
0.086080
0.086420
0.086760
0.087100
0.088120
0.089140
0.090160
0.091180
0.092200
0.093320
0.094440
0.095560
0.096680
0.097800
0.098980
0.100160
0.101340
0.102520
0.103700
0.104540
0.105380
0.106220
0.107060
0.107900
0.108160
0.108420
0.108680
0.108940
0.109200
0.109120
0.109040
0.108960
0.108880
0.108800
0.108600
0.108400
0.108200
0.108000
0.107800
0.106760
0.105720
0.104680
0.103640
0.102600
0.101900
0.101200
0.100500
0.099800
0.099100
0.099180
0.099260
0.099340
0.099420
0.099500
0.100460
0.101420
0.102380
0.103340
0.104300
0.105460
0.106620
0.107780
0.108940
0.110100
0.111820
0.113540
0.115260
0.116980
0.118700
0.121180
0.123660
0.126140
0.128620
0.131100
0.133480
0.135860
0.138240
0.140620
0.143000
0.146060
0.149120
0.152180
0.155240
0.158300
0.160720
0.163140
0.165560
0.167980
0.170400
0.173240
0.176080
0.178920
0.181760
0.184600
0.185800
0.187000
0.188200
0.189400
0.190600
0.192140
0.193680
0.195220
0.196760
0.198300
0.198260
0.198220
0.198180
0.198140
0.198100
0.197740
0.197380
0.197020
0.196660
0.196300
0.197100
0.197900
0.198700
0.199500
0.200300
0.200920
0.201540
0.202160
0.202780
0.203400
0.203940
0.204480
0.205020
0.205560
0.206100
0.207280
0.208460
0.209640
0.210820
0.212000
0.213740
0.215480
0.217220
0.218960
0.220700
0.221700
0.222700
0.223700
0.224700
0.225700
0.227260
0.228820
0.230380
0.231940
0.233500
0.235620
0.237740
0.239860
0.241980
0.244100
0.246280
0.248460
0.250640
0.252820
0.255000
0.257680
0.260360
0.263040
0.265720
0.268400
0.271960
0.275520
0.279080
0.282640
0.286200
0.290680
0.295160
0.299640
0.304120
0.308600
0.312120
0.315640
0.319160
0.322680
0.326200
0.330620
0.335040
0.339460
0.343880
0.348300
0.351940
0.355580
0.359220
0.362860
0.366500
0.369480
0.372460
0.375440
0.378420
0.381400
0.384600
0.387800
0.391000
0.394200
0.397400
0.399740
0.402080
0.404420
0.406760
0.409100
0.411400
0.413700
0.416000
0.418300
0.420600
0.421080
0.421560
0.422040
0.422520
0.423000
0.426340
0.429680
0.433020
0.436360
0.439700
0.440880
0.442060
0.443240
0.444420
0.445600
0.447220
0.448840
0.450460
0.452080
0.453700
0.453700
0.453700
0.453700
0.453700
0.453700
0.453700
0.453700
0.453700
0.453700
0.453700
0.453700
0.453700
0.453700
0.453700
0.453700
0.453700
0.453700
0.453700
0.453700
0.453700
0.453700
0.453700
0.453700
0.453700
0.453700
0.453700
0.453700
0.453700
0.453700
0.453700
#END
#END
#TCS3
#Name 5_PB_4/2
#Munsell 5_PB_4/2
#TCSR
0.085800
0.088440
0.091080
0.093720
0.096360
0.099000
0.103280
0.107560
0.111840
0.116120
0.120400
0.125480
0.130560
0.135640
0.140720
0.145800
0.150560
0.155320
0.160080
0.164840
0.169600
0.174120
0.178640
0.183160
0.187680
0.192200
0.195780
0.199360
0.202940
0.206520
0.210100
0.211660
0.213220
0.214780
0.216340
0.217900
0.218980
0.220060
0.221140
0.222220
0.223300
0.226060
0.228820
0.231580
0.234340
0.237100
0.239660
0.242220
0.244780
0.247340
0.249900
0.253400
0.256900
0.260400
0.263900
0.267400
0.272900
0.278400
0.283900
0.289400
0.294900
0.300560
0.306220
0.311880
0.317540
0.323200
0.327260
0.331320
0.335380
0.339440
0.343500
0.345560
0.347620
0.349680
0.351740
0.353800
0.355080
0.356360
0.357640
0.358920
0.360200
0.359580
0.358960
0.358340
0.357720
0.357100
0.355900
0.354700
0.353500
0.352300
0.351100
0.348180
0.345260
0.342340
0.339420
0.336500
0.332720
0.328940
0.325160
0.321380
0.317600
0.313200
0.308800
0.304400
0.300000
0.295600
0.291420
0.287240
0.283060
0.278880
0.274700
0.269880
0.265060
0.260240
0.255420
0.250600
0.246060
0.241520
0.236980
0.232440
0.227900
0.223420
0.218940
0.214460
0.209980
0.205500
0.201340
0.197180
0.193020
0.188860
0.184700
0.179600
0.174500
0.169400
0.164300
0.159200
0.156120
0.153040
0.149960
0.146880
0.143800
0.139920
0.136040
0.132160
0.128280
0.124400
0.121620
0.118840
0.116060
0.113280
0.110500
0.107580
0.104660
0.101740
0.098820
0.095900
0.094140
0.092380
0.090620
0.088860
0.087100
0.085480
0.083860
0.082240
0.080620
0.079000
0.077260
0.075520
0.073780
0.072040
0.070300
0.069280
0.068260
0.067240
0.066220
0.065200
0.063260
0.061320
0.059380
0.057440
0.055500
0.055980
0.056460
0.056940
0.057420
0.057900
0.057560
0.057220
0.056880
0.056540
0.056200
0.055920
0.055640
0.055360
0.055080
0.054800
0.054180
0.053560
0.052940
0.052320
0.051700
0.052240
0.052780
0.053320
0.053860
0.054400
0.053900
0.053400
0.052900
0.052400
0.051900
0.051920
0.051940
0.051960
0.051980
0.052000
0.052420
0.052840
0.053260
0.053680
0.054100
0.054020
0.053940
0.053860
0.053780
0.053700
0.053860
0.054020
0.054180
0.054340
0.054500
0.054800
0.055100
0.055400
0.055700
0.056000
0.056000
0.056000
0.056000
0.056000
0.056000
0.056020
0.056040
0.056060
0.056080
0.056100
0.056440
0.056780
0.057120
0.057460
0.057800
0.057960
0.058120
0.058280
0.058440
0.058600
0.058340
0.058080
0.057820
0.057560
0.057300
0.057880
0.058460
0.059040
0.059620
0.060200
0.060240
0.060280
0.060320
0.060360
0.060400
0.060440
0.060480
0.060520
0.060560
0.060600
0.060600
0.060600
0.060600
0.060600
0.060600
0.060380
0.060160
0.059940
0.059720
0.059500
0.059780
0.060060
0.060340
0.060620
0.060900
0.060820
0.060740
0.060660
0.060580
0.060500
0.060440
0.060380
0.060320
0.060260
0.060200
0.059760
0.059320
0.058880
0.058440
0.058000
0.058140
0.058280
0.058420
0.058560
0.058700
0.058420
0.058140
0.057860
0.057580
0.057300
0.057960
0.058620
0.059280
0.059940
0.060600
0.060740
0.060880
0.061020
0.061160
0.061300
0.061400
0.061500
0.061600
0.061700
0.061800
0.062480
0.063160
0.063840
0.064520
0.065200
0.065100
0.065000
0.064900
0.064800
0.064700
0.065440
0.066180
0.066920
0.067660
0.068400
0.069080
0.069760
0.070440
0.071120
0.071800
0.072060
0.072320
0.072580
0.072840
0.073100
0.074300
0.075500
0.076700
0.077900
0.079100
0.079840
0.080580
0.081320
0.082060
0.082800
0.084160
0.085520
0.086880
0.088240
0.089600
0.091280
0.092960
0.094640
0.096320
0.098000
0.099660
0.101320
0.102980
0.104640
0.106300
0.107780
0.109260
0.110740
0.112220
0.113700
0.115720
0.117740
0.119760
0.121780
0.123800
0.126660
0.129520
0.132380
0.135240
0.138100
0.140580
0.143060
0.145540
0.148020
0.150500
0.154100
0.157700
0.161300
0.164900
0.168500
0.172040
0.175580
0.179120
0.182660
0.186200
0.190520
0.194840
0.199160
0.203480
0.207800
0.213000
0.218200
0.223400
0.228600
0.233800
0.233800
0.233800
0.233800
0.233800
0.233800
0.233800
0.233800
0.233800
0.233800
0.233800
0.233800
0.233800
0.233800
0.233800
0.233800
0.233800
0.233800
0.233800
0.233800
0.233800
0.233800
0.233800
0.233800
0.233800
0.233800
0.233800
0.233800
0.233800
0.233800
0.233800
#END
#END
#TCS4
#Name 7.5_B_5/10
#Munsell 7.5_B_5/10
#TCSR
0.079000
0.082880
0.086760
0.090640
0.094520
0.098400
0.103560
0.108720
0.113880
0.119040
0.124200
0.131260
0.138320
0.145380
0.152440
0.159500
0.166340
0.173180
0.180020
0.186860
0.193700
0.199260
0.204820
0.210380
0.215940
0.221500
0.225580
0.229660
0.233740
0.237820
0.241900
0.243280
0.244660
0.246040
0.247420
0.248800
0.251100
0.253400
0.255700
0.258000
0.260300
0.263760
0.267220
0.270680
0.274140
0.277600
0.279440
0.281280
0.283120
0.284960
0.286800
0.291580
0.296360
0.301140
0.305920
0.310700
0.314740
0.318780
0.322820
0.326860
0.330900
0.335020
0.339140
0.343260
0.347380
0.351500
0.354720
0.357940
0.361160
0.364380
0.367600
0.370460
0.373320
0.376180
0.379040
0.381900
0.386040
0.390180
0.394320
0.398460
0.402600
0.405860
0.409120
0.412380
0.415640
0.418900
0.421460
0.424020
0.426580
0.429140
0.431700
0.432620
0.433540
0.434460
0.435380
0.436300
0.436160
0.436020
0.435880
0.435740
0.435600
0.434420
0.433240
0.432060
0.430880
0.429700
0.427740
0.425780
0.423820
0.421860
0.419900
0.417080
0.414260
0.411440
0.408620
0.405800
0.402280
0.398760
0.395240
0.391720
0.388200
0.383760
0.379320
0.374880
0.370440
0.366000
0.361460
0.356920
0.352380
0.347840
0.343300
0.337600
0.331900
0.326200
0.320500
0.314800
0.309640
0.304480
0.299320
0.294160
0.289000
0.282860
0.276720
0.270580
0.264440
0.258300
0.253440
0.248580
0.243720
0.238860
0.234000
0.228720
0.223440
0.218160
0.212880
0.207600
0.202860
0.198120
0.193380
0.188640
0.183900
0.179380
0.174860
0.170340
0.165820
0.161300
0.157720
0.154140
0.150560
0.146980
0.143400
0.139580
0.135760
0.131940
0.128120
0.124300
0.120320
0.116340
0.112360
0.108380
0.104400
0.103080
0.101760
0.100440
0.099120
0.097800
0.096440
0.095080
0.093720
0.092360
0.091000
0.089440
0.087880
0.086320
0.084760
0.083200
0.081980
0.080760
0.079540
0.078320
0.077100
0.076620
0.076140
0.075660
0.075180
0.074700
0.074280
0.073860
0.073440
0.073020
0.072600
0.071720
0.070840
0.069960
0.069080
0.068200
0.067980
0.067760
0.067540
0.067320
0.067100
0.066880
0.066660
0.066440
0.066220
0.066000
0.066020
0.066040
0.066060
0.066080
0.066100
0.066080
0.066060
0.066040
0.066020
0.066000
0.065860
0.065720
0.065580
0.065440
0.065300
0.065120
0.064940
0.064760
0.064580
0.064400
0.064580
0.064760
0.064940
0.065120
0.065300
0.065620
0.065940
0.066260
0.066580
0.066900
0.066720
0.066540
0.066360
0.066180
0.066000
0.066340
0.066680
0.067020
0.067360
0.067700
0.067520
0.067340
0.067160
0.066980
0.066800
0.067300
0.067800
0.068300
0.068800
0.069300
0.069220
0.069140
0.069060
0.068980
0.068900
0.068640
0.068380
0.068120
0.067860
0.067600
0.067960
0.068320
0.068680
0.069040
0.069400
0.069260
0.069120
0.068980
0.068840
0.068700
0.068920
0.069140
0.069360
0.069580
0.069800
0.069420
0.069040
0.068660
0.068280
0.067900
0.068200
0.068500
0.068800
0.069100
0.069400
0.069020
0.068640
0.068260
0.067880
0.067500
0.067520
0.067540
0.067560
0.067580
0.067600
0.067320
0.067040
0.066760
0.066480
0.066200
0.066580
0.066960
0.067340
0.067720
0.068100
0.068600
0.069100
0.069600
0.070100
0.070600
0.071040
0.071480
0.071920
0.072360
0.072800
0.073560
0.074320
0.075080
0.075840
0.076600
0.077560
0.078520
0.079480
0.080440
0.081400
0.083140
0.084880
0.086620
0.088360
0.090100
0.092920
0.095740
0.098560
0.101380
0.104200
0.107920
0.111640
0.115360
0.119080
0.122800
0.127880
0.132960
0.138040
0.143120
0.148200
0.154420
0.160640
0.166860
0.173080
0.179300
0.186020
0.192740
0.199460
0.206180
0.212900
0.219220
0.225540
0.231860
0.238180
0.244500
0.249080
0.253660
0.258240
0.262820
0.267400
0.270680
0.273960
0.277240
0.280520
0.283800
0.286620
0.289440
0.292260
0.295080
0.297900
0.299660
0.301420
0.303180
0.304940
0.306700
0.309880
0.313060
0.316240
0.319420
0.322600
0.326000
0.329400
0.332800
0.336200
0.339600
0.341920
0.344240
0.346560
0.348880
0.351200
0.351200
0.351200
0.351200
0.351200
0.351200
0.351200
0.351200
0.351200
0.351200
0.351200
0.351200
0.351200
0.351200
0.351200
0.351200
0.351200
0.351200
0.351200
0.351200
0.351200
0.351200
0.351200
0.351200
0.351200
0.351200
0.351200
0.351200
0.351200
0.351200
0.351200
#END
#END
#TCS5
#Name 10_BG_6/8
#Munsell 10_BG_6/8
#TCSR
0.116700
0.120400
0.124100
0.127800
0.131500
0.135200
0.141640
0.148080
0.154520
0.160960
0.167400
0.174400
0.181400
0.188400
0.195400
0.202400
0.207880
0.213360
0.218840
0.224320
0.229800
0.234260
0.238720
0.243180
0.247640
0.252100
0.254380
0.256660
0.258940
0.261220
0.263500
0.264840
0.266180
0.267520
0.268860
0.270200
0.271320
0.272440
0.273560
0.274680
0.275800
0.277320
0.278840
0.280360
0.281880
0.283400
0.285400
0.287400
0.289400
0.291400
0.293400
0.295560
0.297720
0.299880
0.302040
0.304200
0.307380
0.310560
0.313740
0.316920
0.320100
0.322660
0.325220
0.327780
0.330340
0.332900
0.336540
0.340180
0.343820
0.347460
0.351100
0.355360
0.359620
0.363880
0.368140
0.372400
0.378460
0.384520
0.390580
0.396640
0.402700
0.409500
0.416300
0.423100
0.429900
0.436700
0.441860
0.447020
0.452180
0.457340
0.462500
0.467800
0.473100
0.478400
0.483700
0.489000
0.492900
0.496800
0.500700
0.504600
0.508500
0.510420
0.512340
0.514260
0.516180
0.518100
0.519340
0.520580
0.521820
0.523060
0.524300
0.523020
0.521740
0.520460
0.519180
0.517900
0.516000
0.514100
0.512200
0.510300
0.508400
0.504800
0.501200
0.497600
0.494000
0.490400
0.486660
0.482920
0.479180
0.475440
0.471700
0.466700
0.461700
0.456700
0.451700
0.446700
0.441500
0.436300
0.431100
0.425900
0.420700
0.415180
0.409660
0.404140
0.398620
0.393100
0.387540
0.381980
0.376420
0.370860
0.365300
0.359500
0.353700
0.347900
0.342100
0.336300
0.330700
0.325100
0.319500
0.313900
0.308300
0.302800
0.297300
0.291800
0.286300
0.280800
0.275400
0.270000
0.264600
0.259200
0.253800
0.248240
0.242680
0.237120
0.231560
0.226000
0.221280
0.216560
0.211840
0.207120
0.202400
0.199220
0.196040
0.192860
0.189680
0.186500
0.183140
0.179780
0.176420
0.173060
0.169700
0.167600
0.165500
0.163400
0.161300
0.159200
0.159000
0.158800
0.158600
0.158400
0.158200
0.154420
0.150640
0.146860
0.143080
0.139300
0.137760
0.136220
0.134680
0.133140
0.131600
0.129620
0.127640
0.125660
0.123680
0.121700
0.121000
0.120300
0.119600
0.118900
0.118200
0.116800
0.115400
0.114000
0.112600
0.111200
0.110380
0.109560
0.108740
0.107920
0.107100
0.106860
0.106620
0.106380
0.106140
0.105900
0.105600
0.105300
0.105000
0.104700
0.104400
0.103940
0.103480
0.103020
0.102560
0.102100
0.101500
0.100900
0.100300
0.099700
0.099100
0.099280
0.099460
0.099640
0.099820
0.100000
0.099600
0.099200
0.098800
0.098400
0.098000
0.097660
0.097320
0.096980
0.096640
0.096300
0.096980
0.097660
0.098340
0.099020
0.099700
0.099640
0.099580
0.099520
0.099460
0.099400
0.099960
0.100520
0.101080
0.101640
0.102200
0.101860
0.101520
0.101180
0.100840
0.100500
0.101280
0.102060
0.102840
0.103620
0.104400
0.104980
0.105560
0.106140
0.106720
0.107300
0.107220
0.107140
0.107060
0.106980
0.106900
0.107580
0.108260
0.108940
0.109620
0.110300
0.110320
0.110340
0.110360
0.110380
0.110400
0.110000
0.109600
0.109200
0.108800
0.108400
0.108560
0.108720
0.108880
0.109040
0.109200
0.108840
0.108480
0.108120
0.107760
0.107400
0.107100
0.106800
0.106500
0.106200
0.105900
0.106360
0.106820
0.107280
0.107740
0.108200
0.108680
0.109160
0.109640
0.110120
0.110600
0.111060
0.111520
0.111980
0.112440
0.112900
0.114040
0.115180
0.116320
0.117460
0.118600
0.119740
0.120880
0.122020
0.123160
0.124300
0.126620
0.128940
0.131260
0.133580
0.135900
0.138040
0.140180
0.142320
0.144460
0.146600
0.149620
0.152640
0.155660
0.158680
0.161700
0.164140
0.166580
0.169020
0.171460
0.173900
0.175400
0.176900
0.178400
0.179900
0.181400
0.183260
0.185120
0.186980
0.188840
0.190700
0.192080
0.193460
0.194840
0.196220
0.197600
0.197240
0.196880
0.196520
0.196160
0.195800
0.196080
0.196360
0.196640
0.196920
0.197200
0.198120
0.199040
0.199960
0.200880
0.201800
0.203300
0.204800
0.206300
0.207800
0.209300
0.210660
0.212020
0.213380
0.214740
0.216100
0.218260
0.220420
0.222580
0.224740
0.226900
0.226900
0.226900
0.226900
0.226900
0.226900
0.226900
0.226900
0.226900
0.226900
0.226900
0.226900
0.226900
0.226900
0.226900
0.226900
0.226900
0.226900
0.226900
0.226900
0.226900
0.226900
0.226900
0.226900
0.226900
0.226900
0.226900
0.226900
0.226900
0.226900
0.226900
#END
#END
#TCS6
#Name 2.5_BG_6/10
#Munsell 2.5_BG_6/10
#TCSR
0.087200
0.089780
0.092360
0.094940
0.097520
0.100100
0.103260
0.106420
0.109580
0.112740
0.115900
0.119500
0.123100
0.126700
0.130300
0.133900
0.135740
0.137580
0.139420
0.141260
0.143100
0.144800
0.146500
0.148200
0.149900
0.151600
0.152680
0.153760
0.154840
0.155920
0.157000
0.157760
0.158520
0.159280
0.160040
0.160800
0.161620
0.162440
0.163260
0.164080
0.164900
0.165480
0.166060
0.166640
0.167220
0.167800
0.169940
0.172080
0.174220
0.176360
0.178500
0.179380
0.180260
0.181140
0.182020
0.182900
0.184240
0.185580
0.186920
0.188260
0.189600
0.192320
0.195040
0.197760
0.200480
0.203200
0.204960
0.206720
0.208480
0.210240
0.212000
0.215480
0.218960
0.222440
0.225920
0.229400
0.234300
0.239200
0.244100
0.249000
0.253900
0.260500
0.267100
0.273700
0.280300
0.286900
0.292920
0.298940
0.304960
0.310980
0.317000
0.325000
0.333000
0.341000
0.349000
0.357000
0.365480
0.373960
0.382440
0.390920
0.399400
0.406440
0.413480
0.420520
0.427560
0.434600
0.439980
0.445360
0.450740
0.456120
0.461500
0.464140
0.466780
0.469420
0.472060
0.474700
0.474840
0.474980
0.475120
0.475260
0.475400
0.474140
0.472880
0.471620
0.470360
0.469100
0.466400
0.463700
0.461000
0.458300
0.455600
0.451900
0.448200
0.444500
0.440800
0.437100
0.432760
0.428420
0.424080
0.419740
0.415400
0.411060
0.406720
0.402380
0.398040
0.393700
0.389700
0.385700
0.381700
0.377700
0.373700
0.368140
0.362580
0.357020
0.351460
0.345900
0.340780
0.335660
0.330540
0.325420
0.320300
0.315060
0.309820
0.304580
0.299340
0.294100
0.289580
0.285060
0.280540
0.276020
0.271500
0.266040
0.260580
0.255120
0.249660
0.244200
0.239460
0.234720
0.229980
0.225240
0.220500
0.215980
0.211460
0.206940
0.202420
0.197900
0.194320
0.190740
0.187160
0.183580
0.180000
0.176200
0.172400
0.168600
0.164800
0.161000
0.158060
0.155120
0.152180
0.149240
0.146300
0.142720
0.139140
0.135560
0.131980
0.128400
0.126160
0.123920
0.121680
0.119440
0.117200
0.114660
0.112120
0.109580
0.107040
0.104500
0.102880
0.101260
0.099640
0.098020
0.096400
0.095180
0.093960
0.092740
0.091520
0.090300
0.089700
0.089100
0.088500
0.087900
0.087300
0.086760
0.086220
0.085680
0.085140
0.084600
0.084260
0.083920
0.083580
0.083240
0.082900
0.082600
0.082300
0.082000
0.081700
0.081400
0.081220
0.081040
0.080860
0.080680
0.080500
0.080460
0.080420
0.080380
0.080340
0.080300
0.080260
0.080220
0.080180
0.080140
0.080100
0.079600
0.079100
0.078600
0.078100
0.077600
0.078020
0.078440
0.078860
0.079280
0.079700
0.079780
0.079860
0.079940
0.080020
0.080100
0.080280
0.080460
0.080640
0.080820
0.081000
0.081180
0.081360
0.081540
0.081720
0.081900
0.082640
0.083380
0.084120
0.084860
0.085600
0.086740
0.087880
0.089020
0.090160
0.091300
0.091640
0.091980
0.092320
0.092660
0.093000
0.093560
0.094120
0.094680
0.095240
0.095800
0.096960
0.098120
0.099280
0.100440
0.101600
0.102160
0.102720
0.103280
0.103840
0.104400
0.104460
0.104520
0.104580
0.104640
0.104700
0.105000
0.105300
0.105600
0.105900
0.106200
0.106000
0.105800
0.105600
0.105400
0.105200
0.104740
0.104280
0.103820
0.103360
0.102900
0.102820
0.102740
0.102660
0.102580
0.102500
0.102160
0.101820
0.101480
0.101140
0.100800
0.101360
0.101920
0.102480
0.103040
0.103600
0.104060
0.104520
0.104980
0.105440
0.105900
0.107180
0.108460
0.109740
0.111020
0.112300
0.113340
0.114380
0.115420
0.116460
0.117500
0.118340
0.119180
0.120020
0.120860
0.121700
0.123440
0.125180
0.126920
0.128660
0.130400
0.130920
0.131440
0.131960
0.132480
0.133000
0.133860
0.134720
0.135580
0.136440
0.137300
0.137360
0.137420
0.137480
0.137540
0.137600
0.137760
0.137920
0.138080
0.138240
0.138400
0.138520
0.138640
0.138760
0.138880
0.139000
0.138760
0.138520
0.138280
0.138040
0.137800
0.140260
0.142720
0.145180
0.147640
0.150100
0.150600
0.151100
0.151600
0.152100
0.152600
0.155000
0.157400
0.159800
0.162200
0.164600
0.164600
0.164600
0.164600
0.164600
0.164600
0.164600
0.164600
0.164600
0.164600
0.164600
0.164600
0.164600
0.164600
0.164600
0.164600
0.164600
0.164600
0.164600
0.164600
0.164600
0.164600
0.164600
0.164600
0.164600
0.164600
0.164600
0.164600
0.164600
0.164600
0.164600
#END
#END
#TCS7
#Name 2.5_G_6/12
#Munsell 2.5_G_6/12
#TCSR
0.072600
0.073280
0.073960
0.074640
0.075320
0.076000
0.076580
0.077160
0.077740
0.078320
0.078900
0.080000
0.081100
0.082200
0.083300
0.084400
0.084800
0.085200
0.085600
0.086000
0.086400
0.086080
0.085760
0.085440
0.085120
0.084800
0.085060
0.085320
0.085580
0.085840
0.086100
0.086060
0.086020
0.085980
0.085940
0.085900
0.086080
0.086260
0.086440
0.086620
0.086800
0.086820
0.086840
0.086860
0.086880
0.086900
0.087160
0.087420
0.087680
0.087940
0.088200
0.088620
0.089040
0.089460
0.089880
0.090300
0.090720
0.091140
0.091560
0.091980
0.092400
0.092940
0.093480
0.094020
0.094560
0.095100
0.095460
0.095820
0.096180
0.096540
0.096900
0.097580
0.098260
0.098940
0.099620
0.100300
0.101900
0.103500
0.105100
0.106700
0.108300
0.110700
0.113100
0.115500
0.117900
0.120300
0.123900
0.127500
0.131100
0.134700
0.138300
0.143320
0.148340
0.153360
0.158380
0.163400
0.170480
0.177560
0.184640
0.191720
0.198800
0.206560
0.214320
0.222080
0.229840
0.237600
0.245980
0.254360
0.262740
0.271120
0.279500
0.289100
0.298700
0.308300
0.317900
0.327500
0.335420
0.343340
0.351260
0.359180
0.367100
0.374280
0.381460
0.388640
0.395820
0.403000
0.406420
0.409840
0.413260
0.416680
0.420100
0.421220
0.422340
0.423460
0.424580
0.425700
0.424920
0.424140
0.423360
0.422580
0.421800
0.419240
0.416680
0.414120
0.411560
0.409000
0.406740
0.404480
0.402220
0.399960
0.397700
0.393540
0.389380
0.385220
0.381060
0.376900
0.372700
0.368500
0.364300
0.360100
0.355900
0.350960
0.346020
0.341080
0.336140
0.331200
0.326400
0.321600
0.316800
0.312000
0.307200
0.301820
0.296440
0.291060
0.285680
0.280300
0.274880
0.269460
0.264040
0.258620
0.253200
0.248820
0.244440
0.240060
0.235680
0.231300
0.227220
0.223140
0.219060
0.214980
0.210900
0.206660
0.202420
0.198180
0.193940
0.189700
0.186220
0.182740
0.179260
0.175780
0.172300
0.168400
0.164500
0.160600
0.156700
0.152800
0.149340
0.145880
0.142420
0.138960
0.135500
0.132320
0.129140
0.125960
0.122780
0.119600
0.116680
0.113760
0.110840
0.107920
0.105000
0.102980
0.100960
0.098940
0.096920
0.094900
0.093280
0.091660
0.090040
0.088420
0.086800
0.085380
0.083960
0.082540
0.081120
0.079700
0.079420
0.079140
0.078860
0.078580
0.078300
0.077280
0.076260
0.075240
0.074220
0.073200
0.073300
0.073400
0.073500
0.073600
0.073700
0.073140
0.072580
0.072020
0.071460
0.070900
0.070780
0.070660
0.070540
0.070420
0.070300
0.070160
0.070020
0.069880
0.069740
0.069600
0.069140
0.068680
0.068220
0.067760
0.067300
0.067380
0.067460
0.067540
0.067620
0.067700
0.067800
0.067900
0.068000
0.068100
0.068200
0.067860
0.067520
0.067180
0.066840
0.066500
0.067020
0.067540
0.068060
0.068580
0.069100
0.069180
0.069260
0.069340
0.069420
0.069500
0.070060
0.070620
0.071180
0.071740
0.072300
0.072380
0.072460
0.072540
0.072620
0.072700
0.073300
0.073900
0.074500
0.075100
0.075700
0.075900
0.076100
0.076300
0.076500
0.076700
0.077560
0.078420
0.079280
0.080140
0.081000
0.081160
0.081320
0.081480
0.081640
0.081800
0.082180
0.082560
0.082940
0.083320
0.083700
0.083400
0.083100
0.082800
0.082500
0.082200
0.082520
0.082840
0.083160
0.083480
0.083800
0.083980
0.084160
0.084340
0.084520
0.084700
0.084500
0.084300
0.084100
0.083900
0.083700
0.084240
0.084780
0.085320
0.085860
0.086400
0.086760
0.087120
0.087480
0.087840
0.088200
0.089020
0.089840
0.090660
0.091480
0.092300
0.093180
0.094060
0.094940
0.095820
0.096700
0.097280
0.097860
0.098440
0.099020
0.099600
0.100220
0.100840
0.101460
0.102080
0.102700
0.103760
0.104820
0.105880
0.106940
0.108000
0.108700
0.109400
0.110100
0.110800
0.111500
0.111560
0.111620
0.111680
0.111740
0.111800
0.112480
0.113160
0.113840
0.114520
0.115200
0.116180
0.117160
0.118140
0.119120
0.120100
0.121140
0.122180
0.123220
0.124260
0.125300
0.126500
0.127700
0.128900
0.130100
0.131300
0.132900
0.134500
0.136100
0.137700
0.139300
0.139300
0.139300
0.139300
0.139300
0.139300
0.139300
0.139300
0.139300
0.139300
0.139300
0.139300
0.139300
0.139300
0.139300
0.139300
0.139300
0.139300
0.139300
0.139300
0.139300
0.139300
0.139300
0.139300
0.139300
0.139300
0.139300
0.139300
0.139300
0.139300
0.139300
#END
#END
#TCS8
#Name 7.5_GY_7/10
#Munsell 7.5_GY_7/10
#TCSR
0.065200
0.065300
0.065400
0.065500
0.065600
0.065700
0.065900
0.066100
0.066300
0.066500
0.066700
0.067180
0.067660
0.068140
0.068620
0.069100
0.069160
0.069220
0.069280
0.069340
0.069400
0.069700
0.070000
0.070300
0.070600
0.070900
0.070860
0.070820
0.070780
0.070740
0.070700
0.070380
0.070060
0.069740
0.069420
0.069100
0.069620
0.070140
0.070660
0.071180
0.071700
0.071200
0.070700
0.070200
0.069700
0.069200
0.069560
0.069920
0.070280
0.070640
0.071000
0.071140
0.071280
0.071420
0.071560
0.071700
0.071800
0.071900
0.072000
0.072100
0.072200
0.072500
0.072800
0.073100
0.073400
0.073700
0.073580
0.073460
0.073340
0.073220
0.073100
0.074020
0.074940
0.075860
0.076780
0.077700
0.078620
0.079540
0.080460
0.081380
0.082300
0.084180
0.086060
0.087940
0.089820
0.091700
0.094600
0.097500
0.100400
0.103300
0.106200
0.110660
0.115120
0.119580
0.124040
0.128500
0.134760
0.141020
0.147280
0.153540
0.159800
0.167700
0.175600
0.183500
0.191400
0.199300
0.208340
0.217380
0.226420
0.235460
0.244500
0.255080
0.265660
0.276240
0.286820
0.297400
0.307160
0.316920
0.326680
0.336440
0.346200
0.354840
0.363480
0.372120
0.380760
0.389400
0.395120
0.400840
0.406560
0.412280
0.418000
0.423060
0.428120
0.433180
0.438240
0.443300
0.445600
0.447900
0.450200
0.452500
0.454800
0.455940
0.457080
0.458220
0.459360
0.460500
0.461340
0.462180
0.463020
0.463860
0.464700
0.464280
0.463860
0.463440
0.463020
0.462600
0.462160
0.461720
0.461280
0.460840
0.460400
0.458760
0.457120
0.455480
0.453840
0.452200
0.450640
0.449080
0.447520
0.445960
0.444400
0.441940
0.439480
0.437020
0.434560
0.432100
0.428660
0.425220
0.421780
0.418340
0.414900
0.412700
0.410500
0.408300
0.406100
0.403900
0.400700
0.397500
0.394300
0.391100
0.387900
0.384200
0.380500
0.376800
0.373100
0.369400
0.366040
0.362680
0.359320
0.355960
0.352600
0.347840
0.343080
0.338320
0.333560
0.328800
0.324640
0.320480
0.316320
0.312160
0.308000
0.302980
0.297960
0.292940
0.287920
0.282900
0.278140
0.273380
0.268620
0.263860
0.259100
0.255040
0.250980
0.246920
0.242860
0.238800
0.235600
0.232400
0.229200
0.226000
0.222800
0.220420
0.218040
0.215660
0.213280
0.210900
0.209380
0.207860
0.206340
0.204820
0.203300
0.201900
0.200500
0.199100
0.197700
0.196300
0.195760
0.195220
0.194680
0.194140
0.193600
0.192620
0.191640
0.190660
0.189680
0.188700
0.187900
0.187100
0.186300
0.185500
0.184700
0.183840
0.182980
0.182120
0.181260
0.180400
0.179640
0.178880
0.178120
0.177360
0.176600
0.175960
0.175320
0.174680
0.174040
0.173400
0.173140
0.172880
0.172620
0.172360
0.172100
0.172080
0.172060
0.172040
0.172020
0.172000
0.172080
0.172160
0.172240
0.172320
0.172400
0.173060
0.173720
0.174380
0.175040
0.175700
0.176180
0.176660
0.177140
0.177620
0.178100
0.179060
0.180020
0.180980
0.181940
0.182900
0.184260
0.185620
0.186980
0.188340
0.189700
0.190740
0.191780
0.192820
0.193860
0.194900
0.196280
0.197660
0.199040
0.200420
0.201800
0.202460
0.203120
0.203780
0.204440
0.205100
0.205500
0.205900
0.206300
0.206700
0.207100
0.207000
0.206900
0.206800
0.206700
0.206600
0.205920
0.205240
0.204560
0.203880
0.203200
0.202520
0.201840
0.201160
0.200480
0.199800
0.200320
0.200840
0.201360
0.201880
0.202400
0.202560
0.202720
0.202880
0.203040
0.203200
0.204040
0.204880
0.205720
0.206560
0.207400
0.209120
0.210840
0.212560
0.214280
0.216000
0.216680
0.217360
0.218040
0.218720
0.219400
0.221380
0.223360
0.225340
0.227320
0.229300
0.231000
0.232700
0.234400
0.236100
0.237800
0.239200
0.240600
0.242000
0.243400
0.244800
0.245620
0.246440
0.247260
0.248080
0.248900
0.250280
0.251660
0.253040
0.254420
0.255800
0.257340
0.258880
0.260420
0.261960
0.263500
0.266300
0.269100
0.271900
0.274700
0.277500
0.281140
0.284780
0.288420
0.292060
0.295700
0.298420
0.301140
0.303860
0.306580
0.309300
0.312220
0.315140
0.318060
0.320980
0.323900
0.323900
0.323900
0.323900
0.323900
0.323900
0.323900
0.323900
0.323900
0.323900
0.323900
0.323900
0.323900
0.323900
0.323900
0.323900
0.323900
0.323900
0.323900
0.323900
0.323900
0.323900
0.323900
0.323900
0.323900
0.323900
0.323900
0.323900
0.323900
0.323900
0.323900
#END
#END
#TCS9
#Name 2.5_GY_8/10
#Munsell 2.5_GY_8/10
#TCSR
0.064300
0.064660
0.065020
0.065380
0.065740
0.066100
0.066920
0.067740
0.068560
0.069380
0.070200
0.069600
0.069000
0.068400
0.067800
0.067200
0.068060
0.068920
0.069780
0.070640
0.071500
0.071300
0.071100
0.070900
0.070700
0.070500
0.070940
0.071380
0.071820
0.072260
0.072700
0.072780
0.072860
0.072940
0.073020
0.073100
0.073380
0.073660
0.073940
0.074220
0.074500
0.075000
0.075500
0.076000
0.076500
0.077000
0.076720
0.076440
0.076160
0.075880
0.075600
0.075940
0.076280
0.076620
0.076960
0.077300
0.077560
0.077820
0.078080
0.078340
0.078600
0.079240
0.079880
0.080520
0.081160
0.081800
0.082660
0.083520
0.084380
0.085240
0.086100
0.087020
0.087940
0.088860
0.089780
0.090700
0.092180
0.093660
0.095140
0.096620
0.098100
0.099820
0.101540
0.103260
0.104980
0.106700
0.108400
0.110100
0.111800
0.113500
0.115200
0.118040
0.120880
0.123720
0.126560
0.129400
0.131720
0.134040
0.136360
0.138680
0.141000
0.143420
0.145840
0.148260
0.150680
0.153100
0.156360
0.159620
0.162880
0.166140
0.169400
0.173900
0.178400
0.182900
0.187400
0.191900
0.197080
0.202260
0.207440
0.212620
0.217800
0.225440
0.233080
0.240720
0.248360
0.256000
0.267000
0.278000
0.289000
0.300000
0.311000
0.324580
0.338160
0.351740
0.365320
0.378900
0.393420
0.407940
0.422460
0.436980
0.451500
0.466900
0.482300
0.497700
0.513100
0.528500
0.539700
0.550900
0.562100
0.573300
0.584500
0.592820
0.601140
0.609460
0.617780
0.626100
0.630040
0.633980
0.637920
0.641860
0.645800
0.647580
0.649360
0.651140
0.652920
0.654700
0.654660
0.654620
0.654580
0.654540
0.654500
0.653060
0.651620
0.650180
0.648740
0.647300
0.644860
0.642420
0.639980
0.637540
0.635100
0.633120
0.631140
0.629160
0.627180
0.625200
0.621440
0.617680
0.613920
0.610160
0.606400
0.603600
0.600800
0.598000
0.595200
0.592400
0.589040
0.585680
0.582320
0.578960
0.575600
0.571460
0.567320
0.563180
0.559040
0.554900
0.549980
0.545060
0.540140
0.535220
0.530300
0.524280
0.518260
0.512240
0.506220
0.500200
0.496020
0.491840
0.487660
0.483480
0.479300
0.473780
0.468260
0.462740
0.457220
0.451700
0.448160
0.444620
0.441080
0.437540
0.434000
0.430580
0.427160
0.423740
0.420320
0.416900
0.414720
0.412540
0.410360
0.408180
0.406000
0.404580
0.403160
0.401740
0.400320
0.398900
0.398020
0.397140
0.396260
0.395380
0.394500
0.393340
0.392180
0.391020
0.389860
0.388700
0.387060
0.385420
0.383780
0.382140
0.380500
0.379220
0.377940
0.376660
0.375380
0.374100
0.373280
0.372460
0.371640
0.370820
0.370000
0.368600
0.367200
0.365800
0.364400
0.363000
0.363200
0.363400
0.363600
0.363800
0.364000
0.363000
0.362000
0.361000
0.360000
0.359000
0.360160
0.361320
0.362480
0.363640
0.364800
0.365760
0.366720
0.367680
0.368640
0.369600
0.370360
0.371120
0.371880
0.372640
0.373400
0.375080
0.376760
0.378440
0.380120
0.381800
0.383120
0.384440
0.385760
0.387080
0.388400
0.389660
0.390920
0.392180
0.393440
0.394700
0.395980
0.397260
0.398540
0.399820
0.401100
0.401680
0.402260
0.402840
0.403420
0.404000
0.404640
0.405280
0.405920
0.406560
0.407200
0.407060
0.406920
0.406780
0.406640
0.406500
0.405320
0.404140
0.402960
0.401780
0.400600
0.400140
0.399680
0.399220
0.398760
0.398300
0.398260
0.398220
0.398180
0.398140
0.398100
0.398280
0.398460
0.398640
0.398820
0.399000
0.401120
0.403240
0.405360
0.407480
0.409600
0.411420
0.413240
0.415060
0.416880
0.418700
0.420240
0.421780
0.423320
0.424860
0.426400
0.428520
0.430640
0.432760
0.434880
0.437000
0.438080
0.439160
0.440240
0.441320
0.442400
0.444160
0.445920
0.447680
0.449440
0.451200
0.452540
0.453880
0.455220
0.456560
0.457900
0.458240
0.458580
0.458920
0.459260
0.459600
0.462800
0.466000
0.469200
0.472400
0.475600
0.478080
0.480560
0.483040
0.485520
0.488000
0.491720
0.495440
0.499160
0.502880
0.506600
0.509560
0.512520
0.515480
0.518440
0.521400
0.526120
0.530840
0.535560
0.540280
0.545000
0.545000
0.545000
0.545000
0.545000
0.545000
0.545000
0.545000
0.545000
0.545000
0.545000
0.545000
0.545000
0.545000
0.545000
0.545000
0.545000
0.545000
0.545000
0.545000
0.545000
0.545000
0.545000
0.545000
0.545000
0.545000
0.545000
0.545000
0.545000
0.545000
0.545000
#END
#END
#TCS10
#Name 5_Y_8.5/12
#Munsell 5_Y_8.5/12
#TCSR
0.054000
0.052980
0.051960
0.050940
0.049920
0.048900
0.050080
0.051260
0.052440
0.053620
0.054800
0.054840
0.054880
0.054920
0.054960
0.055000
0.054580
0.054160
0.053740
0.053320
0.052900
0.052740
0.052580
0.052420
0.052260
0.052100
0.052500
0.052900
0.053300
0.053700
0.054100
0.054240
0.054380
0.054520
0.054660
0.054800
0.054660
0.054520
0.054380
0.054240
0.054100
0.053900
0.053700
0.053500
0.053300
0.053100
0.054460
0.055820
0.057180
0.058540
0.059900
0.059300
0.058700
0.058100
0.057500
0.056900
0.057580
0.058260
0.058940
0.059620
0.060300
0.061100
0.061900
0.062700
0.063500
0.064300
0.065480
0.066660
0.067840
0.069020
0.070200
0.070460
0.070720
0.070980
0.071240
0.071500
0.073160
0.074820
0.076480
0.078140
0.079800
0.081040
0.082280
0.083520
0.084760
0.086000
0.087980
0.089960
0.091940
0.093920
0.095900
0.098480
0.101060
0.103640
0.106220
0.108800
0.111400
0.114000
0.116600
0.119200
0.121800
0.125400
0.129000
0.132600
0.136200
0.139800
0.144360
0.148920
0.153480
0.158040
0.162600
0.167640
0.172680
0.177720
0.182760
0.187800
0.196280
0.204760
0.213240
0.221720
0.230200
0.240740
0.251280
0.261820
0.272360
0.282900
0.295420
0.307940
0.320460
0.332980
0.345500
0.359820
0.374140
0.388460
0.402780
0.417100
0.431100
0.445100
0.459100
0.473100
0.487100
0.500260
0.513420
0.526580
0.539740
0.552900
0.561420
0.569940
0.578460
0.586980
0.595500
0.602380
0.609260
0.616140
0.623020
0.629900
0.634960
0.640020
0.645080
0.650140
0.655200
0.657380
0.659560
0.661740
0.663920
0.666100
0.667920
0.669740
0.671560
0.673380
0.675200
0.676800
0.678400
0.680000
0.681600
0.683200
0.683580
0.683960
0.684340
0.684720
0.685100
0.687360
0.689620
0.691880
0.694140
0.696400
0.696440
0.696480
0.696520
0.696560
0.696600
0.698540
0.700480
0.702420
0.704360
0.706300
0.707120
0.707940
0.708760
0.709580
0.710400
0.710620
0.710840
0.711060
0.711280
0.711500
0.712100
0.712700
0.713300
0.713900
0.714500
0.715500
0.716500
0.717500
0.718500
0.719500
0.719260
0.719020
0.718780
0.718540
0.718300
0.718800
0.719300
0.719800
0.720300
0.720800
0.721200
0.721600
0.722000
0.722400
0.722800
0.723720
0.724640
0.725560
0.726480
0.727400
0.726940
0.726480
0.726020
0.725560
0.725100
0.725560
0.726020
0.726480
0.726940
0.727400
0.728740
0.730080
0.731420
0.732760
0.734100
0.734440
0.734780
0.735120
0.735460
0.735800
0.735880
0.735960
0.736040
0.736120
0.736200
0.736040
0.735880
0.735720
0.735560
0.735400
0.737160
0.738920
0.740680
0.742440
0.744200
0.744120
0.744040
0.743960
0.743880
0.743800
0.743840
0.743880
0.743920
0.743960
0.744000
0.743920
0.743840
0.743760
0.743680
0.743600
0.743720
0.743840
0.743960
0.744080
0.744200
0.745140
0.746080
0.747020
0.747960
0.748900
0.747820
0.746740
0.745660
0.744580
0.743500
0.744000
0.744500
0.745000
0.745500
0.746000
0.747160
0.748320
0.749480
0.750640
0.751800
0.752440
0.753080
0.753720
0.754360
0.755000
0.753920
0.752840
0.751760
0.750680
0.749600
0.750640
0.751680
0.752720
0.753760
0.754800
0.756020
0.757240
0.758460
0.759680
0.760900
0.760320
0.759740
0.759160
0.758580
0.758000
0.757880
0.757760
0.757640
0.757520
0.757400
0.758560
0.759720
0.760880
0.762040
0.763200
0.764580
0.765960
0.767340
0.768720
0.770100
0.769420
0.768740
0.768060
0.767380
0.766700
0.768060
0.769420
0.770780
0.772140
0.773500
0.773200
0.772900
0.772600
0.772300
0.772000
0.772380
0.772760
0.773140
0.773520
0.773900
0.773920
0.773940
0.773960
0.773980
0.774000
0.773180
0.772360
0.771540
0.770720
0.769900
0.771680
0.773460
0.775240
0.777020
0.778800
0.779060
0.779320
0.779580
0.779840
0.780100
0.778640
0.777180
0.775720
0.774260
0.772800
0.774100
0.775400
0.776700
0.778000
0.779300
0.779380
0.779460
0.779540
0.779620
0.779700
0.778840
0.777980
0.777120
0.776260
0.775400
0.776520
0.777640
0.778760
0.779880
0.781000
0.780580
0.780160
0.779740
0.779320
0.778900
0.778900
0.778900
0.778900
0.778900
0.778900
0.778900
0.778900
0.778900
0.778900
0.778900
0.778900
0.778900
0.778900
0.778900
0.778900
0.778900
0.778900
0.778900
0.778900
0.778900
0.778900
0.778900
0.778900
0.778900
0.778900
0.778900
0.778900
0.778900
0.778900
0.778900
#END
#END
#TCS11
#Name 10_YR_7/12
#Munsell 10_YR_7/12
#TCSR
0.048200
0.047680
0.047160
0.046640
0.046120
0.045600
0.046040
0.046480
0.046920
0.047360
0.047800
0.047340
0.046880
0.046420
0.045960
0.045500
0.046080
0.046660
0.047240
0.047820
0.048400
0.048600
0.048800
0.049000
0.049200
0.049400
0.048640
0.047880
0.047120
0.046360
0.045600
0.045880
0.046160
0.046440
0.046720
0.047000
0.047060
0.047120
0.047180
0.047240
0.047300
0.047560
0.047820
0.048080
0.048340
0.048600
0.048900
0.049200
0.049500
0.049800
0.050100
0.049680
0.049260
0.048840
0.048420
0.048000
0.048200
0.048400
0.048600
0.048800
0.049000
0.048560
0.048120
0.047680
0.047240
0.046800
0.046860
0.046920
0.046980
0.047040
0.047100
0.047400
0.047700
0.048000
0.048300
0.048600
0.049220
0.049840
0.050460
0.051080
0.051700
0.051740
0.051780
0.051820
0.051860
0.051900
0.051100
0.050300
0.049500
0.048700
0.047900
0.048200
0.048500
0.048800
0.049100
0.049400
0.050000
0.050600
0.051200
0.051800
0.052400
0.052460
0.052520
0.052580
0.052640
0.052700
0.052900
0.053100
0.053300
0.053500
0.053700
0.054500
0.055300
0.056100
0.056900
0.057700
0.059100
0.060500
0.061900
0.063300
0.064700
0.066500
0.068300
0.070100
0.071900
0.073700
0.078620
0.083540
0.088460
0.093380
0.098300
0.106560
0.114820
0.123080
0.131340
0.139600
0.147860
0.156120
0.164380
0.172640
0.180900
0.190320
0.199740
0.209160
0.218580
0.228000
0.235300
0.242600
0.249900
0.257200
0.264500
0.270860
0.277220
0.283580
0.289940
0.296300
0.301080
0.305860
0.310640
0.315420
0.320200
0.327060
0.333920
0.340780
0.347640
0.354500
0.362600
0.370700
0.378800
0.386900
0.395000
0.403060
0.411120
0.419180
0.427240
0.435300
0.439780
0.444260
0.448740
0.453220
0.457700
0.464240
0.470780
0.477320
0.483860
0.490400
0.493820
0.497240
0.500660
0.504080
0.507500
0.509860
0.512220
0.514580
0.516940
0.519300
0.520900
0.522500
0.524100
0.525700
0.527300
0.529020
0.530740
0.532460
0.534180
0.535900
0.537340
0.538780
0.540220
0.541660
0.543100
0.543460
0.543820
0.544180
0.544540
0.544900
0.545780
0.546660
0.547540
0.548420
0.549300
0.549960
0.550620
0.551280
0.551940
0.552600
0.553300
0.554000
0.554700
0.555400
0.556100
0.555920
0.555740
0.555560
0.555380
0.555200
0.555620
0.556040
0.556460
0.556880
0.557300
0.558240
0.559180
0.560120
0.561060
0.562000
0.561740
0.561480
0.561220
0.560960
0.560700
0.560540
0.560380
0.560220
0.560060
0.559900
0.560560
0.561220
0.561880
0.562540
0.563200
0.563440
0.563680
0.563920
0.564160
0.564400
0.565120
0.565840
0.566560
0.567280
0.568000
0.567600
0.567200
0.566800
0.566400
0.566000
0.566980
0.567960
0.568940
0.569920
0.570900
0.570560
0.570220
0.569880
0.569540
0.569200
0.568500
0.567800
0.567100
0.566400
0.565700
0.566880
0.568060
0.569240
0.570420
0.571600
0.571860
0.572120
0.572380
0.572640
0.572900
0.573100
0.573300
0.573500
0.573700
0.573900
0.573400
0.572900
0.572400
0.571900
0.571400
0.571940
0.572480
0.573020
0.573560
0.574100
0.574760
0.575420
0.576080
0.576740
0.577400
0.577740
0.578080
0.578420
0.578760
0.579100
0.579300
0.579500
0.579700
0.579900
0.580100
0.580160
0.580220
0.580280
0.580340
0.580400
0.581120
0.581840
0.582560
0.583280
0.584000
0.583480
0.582960
0.582440
0.581920
0.581400
0.582600
0.583800
0.585000
0.586200
0.587400
0.587620
0.587840
0.588060
0.588280
0.588500
0.589020
0.589540
0.590060
0.590580
0.591100
0.590440
0.589780
0.589120
0.588460
0.587800
0.588160
0.588520
0.588880
0.589240
0.589600
0.590620
0.591640
0.592660
0.593680
0.594700
0.594660
0.594620
0.594580
0.594540
0.594500
0.594300
0.594100
0.593900
0.593700
0.593500
0.594380
0.595260
0.596140
0.597020
0.597900
0.597140
0.596380
0.595620
0.594860
0.594100
0.594520
0.594940
0.595360
0.595780
0.596200
0.595340
0.594480
0.593620
0.592760
0.591900
0.593440
0.594980
0.596520
0.598060
0.599600
0.598740
0.597880
0.597020
0.596160
0.595300
0.595300
0.595300
0.595300
0.595300
0.595300
0.595300
0.595300
0.595300
0.595300
0.595300
0.595300
0.595300
0.595300
0.595300
0.595300
0.595300
0.595300
0.595300
0.595300
0.595300
0.595300
0.595300
0.595300
0.595300
0.595300
0.595300
0.595300
0.595300
0.595300
0.595300
0.595300
0.595300
0.595300
0.595300
0.595300
#END
#END
#TCS12
#Name 5_YR_7/12
#Munsell 5_YR_7/12
#TCSR
0.069100
0.069120
0.069140
0.069160
0.069180
0.069200
0.069900
0.070600
0.071300
0.072000
0.072700
0.073280
0.073860
0.074440
0.075020
0.075600
0.075880
0.076160
0.076440
0.076720
0.077000
0.077720
0.078440
0.079160
0.079880
0.080600
0.079900
0.079200
0.078500
0.077800
0.077100
0.076520
0.075940
0.075360
0.074780
0.074200
0.074680
0.075160
0.075640
0.076120
0.076600
0.075940
0.075280
0.074620
0.073960
0.073300
0.073800
0.074300
0.074800
0.075300
0.075800
0.076000
0.076200
0.076400
0.076600
0.076800
0.076940
0.077080
0.077220
0.077360
0.077500
0.077080
0.076660
0.076240
0.075820
0.075400
0.075580
0.075760
0.075940
0.076120
0.076300
0.076300
0.076300
0.076300
0.076300
0.076300
0.076080
0.075860
0.075640
0.075420
0.075200
0.075800
0.076400
0.077000
0.077600
0.078200
0.078720
0.079240
0.079760
0.080280
0.080800
0.080200
0.079600
0.079000
0.078400
0.077800
0.078000
0.078200
0.078400
0.078600
0.078800
0.079140
0.079480
0.079820
0.080160
0.080500
0.080580
0.080660
0.080740
0.080820
0.080900
0.081480
0.082060
0.082640
0.083220
0.083800
0.085480
0.087160
0.088840
0.090520
0.092200
0.094780
0.097360
0.099940
0.102520
0.105100
0.108680
0.112260
0.115840
0.119420
0.123000
0.128820
0.134640
0.140460
0.146280
0.152100
0.156240
0.160380
0.164520
0.168660
0.172800
0.175080
0.177360
0.179640
0.181920
0.184200
0.185300
0.186400
0.187500
0.188600
0.189700
0.190680
0.191660
0.192640
0.193620
0.194600
0.196420
0.198240
0.200060
0.201880
0.203700
0.207920
0.212140
0.216360
0.220580
0.224800
0.233340
0.241880
0.250420
0.258960
0.267500
0.279720
0.291940
0.304160
0.316380
0.328600
0.340780
0.352960
0.365140
0.377320
0.389500
0.404680
0.419860
0.435040
0.450220
0.465400
0.476080
0.486760
0.497440
0.508120
0.518800
0.526880
0.534960
0.543040
0.551120
0.559200
0.565540
0.571880
0.578220
0.584560
0.590900
0.596500
0.602100
0.607700
0.613300
0.618900
0.621980
0.625060
0.628140
0.631220
0.634300
0.637140
0.639980
0.642820
0.645660
0.648500
0.650940
0.653380
0.655820
0.658260
0.660700
0.661520
0.662340
0.663160
0.663980
0.664800
0.664920
0.665040
0.665160
0.665280
0.665400
0.666740
0.668080
0.669420
0.670760
0.672100
0.672560
0.673020
0.673480
0.673940
0.674400
0.673980
0.673560
0.673140
0.672720
0.672300
0.674060
0.675820
0.677580
0.679340
0.681100
0.680720
0.680340
0.679960
0.679580
0.679200
0.678840
0.678480
0.678120
0.677760
0.677400
0.677840
0.678280
0.678720
0.679160
0.679600
0.680800
0.682000
0.683200
0.684400
0.685600
0.685540
0.685480
0.685420
0.685360
0.685300
0.685520
0.685740
0.685960
0.686180
0.686400
0.686700
0.687000
0.687300
0.687600
0.687900
0.687800
0.687700
0.687600
0.687500
0.687400
0.687340
0.687280
0.687220
0.687160
0.687100
0.686940
0.686780
0.686620
0.686460
0.686300
0.686840
0.687380
0.687920
0.688460
0.689000
0.688460
0.687920
0.687380
0.686840
0.686300
0.686900
0.687500
0.688100
0.688700
0.689300
0.690440
0.691580
0.692720
0.693860
0.695000
0.694820
0.694640
0.694460
0.694280
0.694100
0.694440
0.694780
0.695120
0.695460
0.695800
0.695640
0.695480
0.695320
0.695160
0.695000
0.696160
0.697320
0.698480
0.699640
0.700800
0.701040
0.701280
0.701520
0.701760
0.702000
0.702780
0.703560
0.704340
0.705120
0.705900
0.706420
0.706940
0.707460
0.707980
0.708500
0.707740
0.706980
0.706220
0.705460
0.704700
0.704180
0.703660
0.703140
0.702620
0.702100
0.703100
0.704100
0.705100
0.706100
0.707100
0.707440
0.707780
0.708120
0.708460
0.708800
0.708140
0.707480
0.706820
0.706160
0.705500
0.705860
0.706220
0.706580
0.706940
0.707300
0.708120
0.708940
0.709760
0.710580
0.711400
0.709680
0.707960
0.706240
0.704520
0.702800
0.704340
0.705880
0.707420
0.708960
0.710500
0.709960
0.709420
0.708880
0.708340
0.707800
0.708480
0.709160
0.709840
0.710520
0.711200
0.711420
0.711640
0.711860
0.712080
0.712300
0.713000
0.713700
0.714400
0.715100
0.715800
0.715800
0.715800
0.715800
0.715800
0.715800
0.715800
0.715800
0.715800
0.715800
0.715800
0.715800
0.715800
0.715800
0.715800
0.715800
0.715800
0.715800
0.715800
0.715800
0.715800
0.715800
0.715800
0.715800
0.715800
0.715800
0.715800
0.715800
0.715800
0.715800
0.715800
#END
#END
#TCS13
#Name 10_R_6/12
#Munsell 10_R_6/12
#TCSR
0.082900
0.082900
0.082900
0.082900
0.082900
0.082900
0.083640
0.084380
0.085120
0.085860
0.086600
0.087040
0.087480
0.087920
0.088360
0.088800
0.088720
0.088640
0.088560
0.088480
0.088400
0.087780
0.087160
0.086540
0.085920
0.085300
0.085600
0.085900
0.086200
0.086500
0.086800
0.086620
0.086440
0.086260
0.086080
0.085900
0.085280
0.084660
0.084040
0.083420
0.082800
0.082620
0.082440
0.082260
0.082080
0.081900
0.081960
0.082020
0.082080
0.082140
0.082200
0.082120
0.082040
0.081960
0.081880
0.081800
0.081880
0.081960
0.082040
0.082120
0.082200
0.082140
0.082080
0.082020
0.081960
0.081900
0.081660
0.081420
0.081180
0.080940
0.080700
0.080300
0.079900
0.079500
0.079100
0.078700
0.079600
0.080500
0.081400
0.082300
0.083200
0.083120
0.083040
0.082960
0.082880
0.082800
0.082440
0.082080
0.081720
0.081360
0.081000
0.081180
0.081360
0.081540
0.081720
0.081900
0.082240
0.082580
0.082920
0.083260
0.083600
0.082920
0.082240
0.081560
0.080880
0.080200
0.080340
0.080480
0.080620
0.080760
0.080900
0.081480
0.082060
0.082640
0.083220
0.083800
0.083880
0.083960
0.084040
0.084120
0.084200
0.084660
0.085120
0.085580
0.086040
0.086500
0.087400
0.088300
0.089200
0.090100
0.091000
0.091200
0.091400
0.091600
0.091800
0.092000
0.091940
0.091880
0.091820
0.091760
0.091700
0.091700
0.091700
0.091700
0.091700
0.091700
0.092400
0.093100
0.093800
0.094500
0.095200
0.095820
0.096440
0.097060
0.097680
0.098300
0.099360
0.100420
0.101480
0.102540
0.103600
0.105880
0.108160
0.110440
0.112720
0.115000
0.118620
0.122240
0.125860
0.129480
0.133100
0.139400
0.145700
0.152000
0.158300
0.164600
0.173080
0.181560
0.190040
0.198520
0.207000
0.220680
0.234360
0.248040
0.261720
0.275400
0.285900
0.296400
0.306900
0.317400
0.327900
0.338700
0.349500
0.360300
0.371100
0.381900
0.390520
0.399140
0.407760
0.416380
0.425000
0.433800
0.442600
0.451400
0.460200
0.469000
0.476540
0.484080
0.491620
0.499160
0.506700
0.514220
0.521740
0.529260
0.536780
0.544300
0.549860
0.555420
0.560980
0.566540
0.572100
0.575100
0.578100
0.581100
0.584100
0.587100
0.591140
0.595180
0.599220
0.603260
0.607300
0.608660
0.610020
0.611380
0.612740
0.614100
0.614680
0.615260
0.615840
0.616420
0.617000
0.617920
0.618840
0.619760
0.620680
0.621600
0.622720
0.623840
0.624960
0.626080
0.627200
0.627500
0.627800
0.628100
0.628400
0.628700
0.628480
0.628260
0.628040
0.627820
0.627600
0.629100
0.630600
0.632100
0.633600
0.635100
0.635320
0.635540
0.635760
0.635980
0.636200
0.635920
0.635640
0.635360
0.635080
0.634800
0.636200
0.637600
0.639000
0.640400
0.641800
0.642200
0.642600
0.643000
0.643400
0.643800
0.642600
0.641400
0.640200
0.639000
0.637800
0.638440
0.639080
0.639720
0.640360
0.641000
0.642000
0.643000
0.644000
0.645000
0.646000
0.645820
0.645640
0.645460
0.645280
0.645100
0.644720
0.644340
0.643960
0.643580
0.643200
0.644740
0.646280
0.647820
0.649360
0.650900
0.651060
0.651220
0.651380
0.651540
0.651700
0.651640
0.651580
0.651520
0.651460
0.651400
0.652460
0.653520
0.654580
0.655640
0.656700
0.657300
0.657900
0.658500
0.659100
0.659700
0.659280
0.658860
0.658440
0.658020
0.657600
0.657600
0.657600
0.657600
0.657600
0.657600
0.659200
0.660800
0.662400
0.664000
0.665600
0.665300
0.665000
0.664700
0.664400
0.664100
0.664620
0.665140
0.665660
0.666180
0.666700
0.667120
0.667540
0.667960
0.668380
0.668800
0.669300
0.669800
0.670300
0.670800
0.671300
0.670180
0.669060
0.667940
0.666820
0.665700
0.666800
0.667900
0.669000
0.670100
0.671200
0.671860
0.672520
0.673180
0.673840
0.674500
0.675200
0.675900
0.676600
0.677300
0.678000
0.677280
0.676560
0.675840
0.675120
0.674400
0.675240
0.676080
0.676920
0.677760
0.678600
0.679340
0.680080
0.680820
0.681560
0.682300
0.681960
0.681620
0.681280
0.680940
0.680600
0.678840
0.677080
0.675320
0.673560
0.671800
0.673700
0.675600
0.677500
0.679400
0.681300
0.681300
0.681300
0.681300
0.681300
0.681300
0.681300
0.681300
0.681300
0.681300
0.681300
0.681300
0.681300
0.681300
0.681300
0.681300
0.681300
0.681300
0.681300
0.681300
0.681300
0.681300
0.681300
0.681300
0.681300
0.681300
0.681300
0.681300
0.681300
0.681300
0.681300
#END
#END
#TCS14
#Name 5_R_4/14
#Munsell 5_R_4/14
#TCSR
0.053000
0.052540
0.052080
0.051620
0.051160
0.050700
0.050660
0.050620
0.050580
0.050540
0.050500
0.050440
0.050380
0.050320
0.050260
0.050200
0.050120
0.050040
0.049960
0.049880
0.049800
0.049620
0.049440
0.049260
0.049080
0.048900
0.049180
0.049460
0.049740
0.050020
0.050300
0.050080
0.049860
0.049640
0.049420
0.049200
0.049580
0.049960
0.050340
0.050720
0.051100
0.051060
0.051020
0.050980
0.050940
0.050900
0.050640
0.050380
0.050120
0.049860
0.049600
0.049560
0.049520
0.049480
0.049440
0.049400
0.049120
0.048840
0.048560
0.048280
0.048000
0.048140
0.048280
0.048420
0.048560
0.048700
0.048320
0.047940
0.047560
0.047180
0.046800
0.046300
0.045800
0.045300
0.044800
0.044300
0.044240
0.044180
0.044120
0.044060
0.044000
0.043740
0.043480
0.043220
0.042960
0.042700
0.042580
0.042460
0.042340
0.042220
0.042100
0.041960
0.041820
0.041680
0.041540
0.041400
0.041280
0.041160
0.041040
0.040920
0.040800
0.040640
0.040480
0.040320
0.040160
0.040000
0.039840
0.039680
0.039520
0.039360
0.039200
0.039480
0.039760
0.040040
0.040320
0.040600
0.040240
0.039880
0.039520
0.039160
0.038800
0.038960
0.039120
0.039280
0.039440
0.039600
0.039620
0.039640
0.039660
0.039680
0.039700
0.039580
0.039460
0.039340
0.039220
0.039100
0.039380
0.039660
0.039940
0.040220
0.040500
0.040280
0.040060
0.039840
0.039620
0.039400
0.039540
0.039680
0.039820
0.039960
0.040100
0.040000
0.039900
0.039800
0.039700
0.039600
0.039600
0.039600
0.039600
0.039600
0.039600
0.039580
0.039560
0.039540
0.039520
0.039500
0.039580
0.039660
0.039740
0.039820
0.039900
0.040320
0.040740
0.041160
0.041580
0.042000
0.041800
0.041600
0.041400
0.041200
0.041000
0.042080
0.043160
0.044240
0.045320
0.046400
0.047120
0.047840
0.048560
0.049280
0.050000
0.050900
0.051800
0.052700
0.053600
0.054500
0.056000
0.057500
0.059000
0.060500
0.062000
0.064440
0.066880
0.069320
0.071760
0.074200
0.078100
0.082000
0.085900
0.089800
0.093700
0.100540
0.107380
0.114220
0.121060
0.127900
0.137560
0.147220
0.156880
0.166540
0.176200
0.189940
0.203680
0.217420
0.231160
0.244900
0.260140
0.275380
0.290620
0.305860
0.321100
0.337880
0.354660
0.371440
0.388220
0.405000
0.418900
0.432800
0.446700
0.460600
0.474500
0.486300
0.498100
0.509900
0.521700
0.533500
0.542320
0.551140
0.559960
0.568780
0.577600
0.583960
0.590320
0.596680
0.603040
0.609400
0.613920
0.618440
0.622960
0.627480
0.632000
0.635500
0.639000
0.642500
0.646000
0.649500
0.652000
0.654500
0.657000
0.659500
0.662000
0.664460
0.666920
0.669380
0.671840
0.674300
0.676100
0.677900
0.679700
0.681500
0.683300
0.684540
0.685780
0.687020
0.688260
0.689500
0.690080
0.690660
0.691240
0.691820
0.692400
0.694520
0.696640
0.698760
0.700880
0.703000
0.703900
0.704800
0.705700
0.706600
0.707500
0.708240
0.708980
0.709720
0.710460
0.711200
0.712700
0.714200
0.715700
0.717200
0.718700
0.719240
0.719780
0.720320
0.720860
0.721400
0.722800
0.724200
0.725600
0.727000
0.728400
0.729260
0.730120
0.730980
0.731840
0.732700
0.733180
0.733660
0.734140
0.734620
0.735100
0.735560
0.736020
0.736480
0.736940
0.737400
0.738120
0.738840
0.739560
0.740280
0.741000
0.741140
0.741280
0.741420
0.741560
0.741700
0.743180
0.744660
0.746140
0.747620
0.749100
0.749600
0.750100
0.750600
0.751100
0.751600
0.751920
0.752240
0.752560
0.752880
0.753200
0.753900
0.754600
0.755300
0.756000
0.756700
0.757360
0.758020
0.758680
0.759340
0.760000
0.759840
0.759680
0.759520
0.759360
0.759200
0.759460
0.759720
0.759980
0.760240
0.760500
0.760980
0.761460
0.761940
0.762420
0.762900
0.763240
0.763580
0.763920
0.764260
0.764600
0.764120
0.763640
0.763160
0.762680
0.762200
0.763360
0.764520
0.765680
0.766840
0.768000
0.767840
0.767680
0.767520
0.767360
0.767200
0.766660
0.766120
0.765580
0.765040
0.764500
0.764980
0.765460
0.765940
0.766420
0.766900
0.767180
0.767460
0.767740
0.768020
0.768300
0.768300
0.768300
0.768300
0.768300
0.768300
0.768300
0.768300
0.768300
0.768300
0.768300
0.768300
0.768300
0.768300
0.768300
0.768300
0.768300
0.768300
0.768300
0.768300
0.768300
0.768300
0.768300
0.768300
0.768300
0.768300
0.768300
0.768300
0.768300
0.768300
0.768300
#END
#END
#TCS15
#Name 7.5_RP_4/12
#Munsell 7.5_RP_4/12
#TCSR
0.090800
0.093060
0.095320
0.097580
0.099840
0.102100
0.104280
0.106460
0.108640
0.110820
0.113000
0.116000
0.119000
0.122000
0.125000
0.128000
0.129580
0.131160
0.132740
0.134320
0.135900
0.136280
0.136660
0.137040
0.137420
0.137800
0.137500
0.137200
0.136900
0.136600
0.136300
0.136300
0.136300
0.136300
0.136300
0.136300
0.136120
0.135940
0.135760
0.135580
0.135400
0.134760
0.134120
0.133480
0.132840
0.132200
0.131640
0.131080
0.130520
0.129960
0.129400
0.128340
0.127280
0.126220
0.125160
0.124100
0.123460
0.122820
0.122180
0.121540
0.120900
0.119460
0.118020
0.116580
0.115140
0.113700
0.113300
0.112900
0.112500
0.112100
0.111700
0.110260
0.108820
0.107380
0.105940
0.104500
0.103720
0.102940
0.102160
0.101380
0.100600
0.099880
0.099160
0.098440
0.097720
0.097000
0.095760
0.094520
0.093280
0.092040
0.090800
0.089800
0.088800
0.087800
0.086800
0.085800
0.084780
0.083760
0.082740
0.081720
0.080700
0.079600
0.078500
0.077400
0.076300
0.075200
0.074480
0.073760
0.073040
0.072320
0.071600
0.071040
0.070480
0.069920
0.069360
0.068800
0.068600
0.068400
0.068200
0.068000
0.067800
0.067020
0.066240
0.065460
0.064680
0.063900
0.063420
0.062940
0.062460
0.061980
0.061500
0.060920
0.060340
0.059760
0.059180
0.058600
0.058300
0.058000
0.057700
0.057400
0.057100
0.056220
0.055340
0.054460
0.053580
0.052700
0.052420
0.052140
0.051860
0.051580
0.051300
0.051780
0.052260
0.052740
0.053220
0.053700
0.053200
0.052700
0.052200
0.051700
0.051200
0.051560
0.051920
0.052280
0.052640
0.053000
0.052740
0.052480
0.052220
0.051960
0.051700
0.051580
0.051460
0.051340
0.051220
0.051100
0.051020
0.050940
0.050860
0.050780
0.050700
0.051540
0.052380
0.053220
0.054060
0.054900
0.055100
0.055300
0.055500
0.055700
0.055900
0.057260
0.058620
0.059980
0.061340
0.062700
0.063720
0.064740
0.065760
0.066780
0.067800
0.070440
0.073080
0.075720
0.078360
0.081000
0.084880
0.088760
0.092640
0.096520
0.100400
0.105680
0.110960
0.116240
0.121520
0.126800
0.133340
0.139880
0.146420
0.152960
0.159500
0.167840
0.176180
0.184520
0.192860
0.201200
0.210000
0.218800
0.227600
0.236400
0.245200
0.255220
0.265240
0.275260
0.285280
0.295300
0.305020
0.314740
0.324460
0.334180
0.343900
0.353680
0.363460
0.373240
0.383020
0.392800
0.400960
0.409120
0.417280
0.425440
0.433600
0.441340
0.449080
0.456820
0.464560
0.472300
0.477760
0.483220
0.488680
0.494140
0.499600
0.505260
0.510920
0.516580
0.522240
0.527900
0.530880
0.533860
0.536840
0.539820
0.542800
0.546260
0.549720
0.553180
0.556640
0.560100
0.562800
0.565500
0.568200
0.570900
0.573600
0.575620
0.577640
0.579660
0.581680
0.583700
0.584760
0.585820
0.586880
0.587940
0.589000
0.590380
0.591760
0.593140
0.594520
0.595900
0.596380
0.596860
0.597340
0.597820
0.598300
0.598940
0.599580
0.600220
0.600860
0.601500
0.602280
0.603060
0.603840
0.604620
0.605400
0.607020
0.608640
0.610260
0.611880
0.613500
0.614800
0.616100
0.617400
0.618700
0.620000
0.621740
0.623480
0.625220
0.626960
0.628700
0.631060
0.633420
0.635780
0.638140
0.640500
0.641260
0.642020
0.642780
0.643540
0.644300
0.645220
0.646140
0.647060
0.647980
0.648900
0.651540
0.654180
0.656820
0.659460
0.662100
0.662920
0.663740
0.664560
0.665380
0.666200
0.667480
0.668760
0.670040
0.671320
0.672600
0.673560
0.674520
0.675480
0.676440
0.677400
0.678600
0.679800
0.681000
0.682200
0.683400
0.682880
0.682360
0.681840
0.681320
0.680800
0.681400
0.682000
0.682600
0.683200
0.683800
0.684520
0.685240
0.685960
0.686680
0.687400
0.689020
0.690640
0.692260
0.693880
0.695500
0.696640
0.697780
0.698920
0.700060
0.701200
0.700880
0.700560
0.700240
0.699920
0.699600
0.700140
0.700680
0.701220
0.701760
0.702300
0.702280
0.702260
0.702240
0.702220
0.702200
0.704640
0.707080
0.709520
0.711960
0.714400
0.712760
0.711120
0.709480
0.707840
0.706200
0.706460
0.706720
0.706980
0.707240
0.707500
0.707500
0.707500
0.707500
0.707500
0.707500
0.707500
0.707500
0.707500
0.707500
0.707500
0.707500
0.707500
0.707500
0.707500
0.707500
0.707500
0.707500
0.707500
0.707500
0.707500
0.707500
0.707500
0.707500
0.707500
0.707500
0.707500
0.707500
0.707500
0.707500
0.707500
#END
#END
#END
