#Wavelength
380
381
382
383
384
385
386
387
388
389
390
391
392
393
394
395
396
397
398
399
400
401
402
403
404
405
406
407
408
409
410
411
412
413
414
415
416
417
418
419
420
421
422
423
424
425
426
427
428
429
430
431
432
433
434
435
436
437
438
439
440
441
442
443
444
445
446
447
448
449
450
451
452
453
454
455
456
457
458
459
460
461
462
463
464
465
466
467
468
469
470
471
472
473
474
475
476
477
478
479
480
481
482
483
484
485
486
487
488
489
490
491
492
493
494
495
496
497
498
499
500
501
502
503
504
505
506
507
508
509
510
511
512
513
514
515
516
517
518
519
520
521
522
523
524
525
526
527
528
529
530
531
532
533
534
535
536
537
538
539
540
541
542
543
544
545
546
547
548
549
550
551
552
553
554
555
556
557
558
559
560
561
562
563
564
565
566
567
568
569
570
571
572
573
574
575
576
577
578
579
580
581
582
583
584
585
586
587
588
589
590
591
592
593
594
595
596
597
598
599
600
601
602
603
604
605
606
607
608
609
610
611
612
613
614
615
616
617
618
619
620
621
622
623
624
625
626
627
628
629
630
631
632
633
634
635
636
637
638
639
640
641
642
643
644
645
646
647
648
649
650
651
652
653
654
655
656
657
658
659
660
661
662
663
664
665
666
667
668
669
670
671
672
673
674
675
676
677
678
679
680
681
682
683
684
685
686
687
688
689
690
691
692
693
694
695
696
697
698
699
700
701
702
703
704
705
706
707
708
709
710
711
712
713
714
715
716
717
718
719
720
721
722
723
724
725
726
727
728
729
730
731
732
733
734
735
736
737
738
739
740
741
742
743
744
745
746
747
748
749
750
751
752
753
754
755
756
757
758
759
760
761
762
763
764
765
766
767
768
769
770
771
772
773
774
775
776
777
778
779
780
#END
#TCS
#TCS1
#Name Light_grayish_red
#Munsell 7.5_R_6/4
#TCSR
0.219000
0.223000
0.227000
0.231000
0.235000
0.239000
0.241600
0.244200
0.246800
0.249400
0.252000
0.252800
0.253600
0.254400
0.255200
0.256000
0.256000
0.256000
0.256000
0.256000
0.256000
0.255600
0.255200
0.254800
0.254400
0.254000
0.253600
0.253200
0.252800
0.252400
0.252000
0.251200
0.250400
0.249600
0.248800
0.248000
0.247200
0.246400
0.245600
0.244800
0.244000
0.243200
0.242400
0.241600
0.240800
0.240000
0.239400
0.238800
0.238200
0.237600
0.237000
0.236000
0.235000
0.234000
0.233000
0.232000
0.231600
0.231200
0.230800
0.230400
0.230000
0.229200
0.228400
0.227600
0.226800
0.226000
0.225800
0.225600
0.225400
0.225200
0.225000
0.224400
0.223800
0.223200
0.222600
0.222000
0.221600
0.221200
0.220800
0.220400
0.220000
0.219600
0.219200
0.218800
0.218400
0.218000
0.217600
0.217200
0.216800
0.216400
0.216000
0.215600
0.215200
0.214800
0.214400
0.214000
0.214000
0.214000
0.214000
0.214000
0.214000
0.214000
0.214000
0.214000
0.214000
0.214000
0.214400
0.214800
0.215200
0.215600
0.216000
0.216400
0.216800
0.217200
0.217600
0.218000
0.219000
0.220000
0.221000
0.222000
0.223000
0.223400
0.223800
0.224200
0.224600
0.225000
0.225200
0.225400
0.225600
0.225800
0.226000
0.226000
0.226000
0.226000
0.226000
0.226000
0.225800
0.225600
0.225400
0.225200
0.225000
0.225000
0.225000
0.225000
0.225000
0.225000
0.225400
0.225800
0.226200
0.226600
0.227000
0.227600
0.228200
0.228800
0.229400
0.230000
0.231200
0.232400
0.233600
0.234800
0.236000
0.237800
0.239600
0.241400
0.243200
0.245000
0.246600
0.248200
0.249800
0.251400
0.253000
0.254800
0.256600
0.258400
0.260200
0.262000
0.264000
0.266000
0.268000
0.270000
0.272000
0.274200
0.276400
0.278600
0.280800
0.283000
0.286000
0.289000
0.292000
0.295000
0.298000
0.302000
0.306000
0.310000
0.314000
0.318000
0.322600
0.327200
0.331800
0.336400
0.341000
0.346200
0.351400
0.356600
0.361800
0.367000
0.371600
0.376200
0.380800
0.385400
0.390000
0.393800
0.397600
0.401400
0.405200
0.409000
0.412000
0.415000
0.418000
0.421000
0.424000
0.426200
0.428400
0.430600
0.432800
0.435000
0.436400
0.437800
0.439200
0.440600
0.442000
0.443200
0.444400
0.445600
0.446800
0.448000
0.448400
0.448800
0.449200
0.449600
0.450000
0.450200
0.450400
0.450600
0.450800
0.451000
0.451000
0.451000
0.451000
0.451000
0.451000
0.451000
0.451000
0.451000
0.451000
0.451000
0.451000
0.451000
0.451000
0.451000
0.451000
0.451000
0.451000
0.451000
0.451000
0.451000
0.450800
0.450600
0.450400
0.450200
0.450000
0.450000
0.450000
0.450000
0.450000
0.450000
0.450200
0.450400
0.450600
0.450800
0.451000
0.451000
0.451000
0.451000
0.451000
0.451000
0.451400
0.451800
0.452200
0.452600
0.453000
0.453200
0.453400
0.453600
0.453800
0.454000
0.454200
0.454400
0.454600
0.454800
0.455000
0.455400
0.455800
0.456200
0.456600
0.457000
0.457200
0.457400
0.457600
0.457800
0.458000
0.458400
0.458800
0.459200
0.459600
0.460000
0.460400
0.460800
0.461200
0.461600
0.462000
0.462200
0.462400
0.462600
0.462800
0.463000
0.463200
0.463400
0.463600
0.463800
0.464000
0.464200
0.464400
0.464600
0.464800
0.465000
0.465200
0.465400
0.465600
0.465800
0.466000
0.466000
0.466000
0.466000
0.466000
0.466000
0.466000
0.466000
0.466000
0.466000
0.466000
0.466000
0.466000
0.466000
0.466000
0.466000
0.466200
0.466400
0.466600
0.466800
0.467000
0.467000
0.467000
0.467000
0.467000
0.467000
0.467000
0.467000
0.467000
0.467000
0.467000
0.467000
0.467000
0.467000
0.467000
0.467000
0.467000
0.467000
0.467000
0.467000
0.467000
0.467000
0.467000
0.467000
0.467000
0.467000
0.467000
0.467000
0.467000
0.467000
0.467000
0.467000
0.467000
0.467000
0.467000
0.467000
0.467000
0.467000
0.467000
0.467000
0.467000
#END
#END
#TCS2
#Name Dark_grayish_yellow
#Munsell 5_Y_6/4
#TCSR
0.070000
0.071800
0.073600
0.075400
0.077200
0.079000
0.081000
0.083000
0.085000
0.087000
0.089000
0.091400
0.093800
0.096200
0.098600
0.101000
0.103000
0.105000
0.107000
0.109000
0.111000
0.112000
0.113000
0.114000
0.115000
0.116000
0.116400
0.116800
0.117200
0.117600
0.118000
0.118400
0.118800
0.119200
0.119600
0.120000
0.120200
0.120400
0.120600
0.120800
0.121000
0.121200
0.121400
0.121600
0.121800
0.122000
0.122000
0.122000
0.122000
0.122000
0.122000
0.122000
0.122000
0.122000
0.122000
0.122000
0.122200
0.122400
0.122600
0.122800
0.123000
0.123200
0.123400
0.123600
0.123800
0.124000
0.124600
0.125200
0.125800
0.126400
0.127000
0.127200
0.127400
0.127600
0.127800
0.128000
0.128600
0.129200
0.129800
0.130400
0.131000
0.131600
0.132200
0.132800
0.133400
0.134000
0.134800
0.135600
0.136400
0.137200
0.138000
0.139000
0.140000
0.141000
0.142000
0.143000
0.144400
0.145800
0.147200
0.148600
0.150000
0.151800
0.153600
0.155400
0.157200
0.159000
0.162000
0.165000
0.168000
0.171000
0.174000
0.177200
0.180400
0.183600
0.186800
0.190000
0.193400
0.196800
0.200200
0.203600
0.207000
0.210600
0.214200
0.217800
0.221400
0.225000
0.228400
0.231800
0.235200
0.238600
0.242000
0.244200
0.246400
0.248600
0.250800
0.253000
0.254400
0.255800
0.257200
0.258600
0.260000
0.260800
0.261600
0.262400
0.263200
0.264000
0.264600
0.265200
0.265800
0.266400
0.267000
0.267400
0.267800
0.268200
0.268600
0.269000
0.269600
0.270200
0.270800
0.271400
0.272000
0.272800
0.273600
0.274400
0.275200
0.276000
0.277200
0.278400
0.279600
0.280800
0.282000
0.283400
0.284800
0.286200
0.287600
0.289000
0.291000
0.293000
0.295000
0.297000
0.299000
0.301000
0.303000
0.305000
0.307000
0.309000
0.311600
0.314200
0.316800
0.319400
0.322000
0.323400
0.324800
0.326200
0.327600
0.329000
0.330200
0.331400
0.332600
0.333800
0.335000
0.335800
0.336600
0.337400
0.338200
0.339000
0.339400
0.339800
0.340200
0.340600
0.341000
0.341000
0.341000
0.341000
0.341000
0.341000
0.341200
0.341400
0.341600
0.341800
0.342000
0.342000
0.342000
0.342000
0.342000
0.342000
0.342000
0.342000
0.342000
0.342000
0.342000
0.341800
0.341600
0.341400
0.341200
0.341000
0.341000
0.341000
0.341000
0.341000
0.341000
0.340600
0.340200
0.339800
0.339400
0.339000
0.339000
0.339000
0.339000
0.339000
0.339000
0.338800
0.338600
0.338400
0.338200
0.338000
0.338000
0.338000
0.338000
0.338000
0.338000
0.337800
0.337600
0.337400
0.337200
0.337000
0.336800
0.336600
0.336400
0.336200
0.336000
0.335800
0.335600
0.335400
0.335200
0.335000
0.334800
0.334600
0.334400
0.334200
0.334000
0.333600
0.333200
0.332800
0.332400
0.332000
0.332000
0.332000
0.332000
0.332000
0.332000
0.331800
0.331600
0.331400
0.331200
0.331000
0.331000
0.331000
0.331000
0.331000
0.331000
0.330800
0.330600
0.330400
0.330200
0.330000
0.329400
0.328800
0.328200
0.327600
0.327000
0.327200
0.327400
0.327600
0.327800
0.328000
0.328000
0.328000
0.328000
0.328000
0.328000
0.327800
0.327600
0.327400
0.327200
0.327000
0.326800
0.326600
0.326400
0.326200
0.326000
0.325800
0.325600
0.325400
0.325200
0.325000
0.324800
0.324600
0.324400
0.324200
0.324000
0.324000
0.324000
0.324000
0.324000
0.324000
0.324000
0.324000
0.324000
0.324000
0.324000
0.323800
0.323600
0.323400
0.323200
0.323000
0.322800
0.322600
0.322400
0.322200
0.322000
0.321800
0.321600
0.321400
0.321200
0.321000
0.320800
0.320600
0.320400
0.320200
0.320000
0.319600
0.319200
0.318800
0.318400
0.318000
0.317600
0.317200
0.316800
0.316400
0.316000
0.315800
0.315600
0.315400
0.315200
0.315000
0.315000
0.315000
0.315000
0.315000
0.315000
0.314800
0.314600
0.314400
0.314200
0.314000
0.314000
0.314000
0.314000
0.314000
0.314000
#END
#END
#TCS3
#Name Deep_yellow_green
#Munsell 5_GY_6/8
#TCSR
0.065000
0.065600
0.066200
0.066800
0.067400
0.068000
0.068400
0.068800
0.069200
0.069600
0.070000
0.070400
0.070800
0.071200
0.071600
0.072000
0.072200
0.072400
0.072600
0.072800
0.073000
0.073000
0.073000
0.073000
0.073000
0.073000
0.073200
0.073400
0.073600
0.073800
0.074000
0.074000
0.074000
0.074000
0.074000
0.074000
0.074000
0.074000
0.074000
0.074000
0.074000
0.073800
0.073600
0.073400
0.073200
0.073000
0.073000
0.073000
0.073000
0.073000
0.073000
0.073000
0.073000
0.073000
0.073000
0.073000
0.073000
0.073000
0.073000
0.073000
0.073000
0.073000
0.073000
0.073000
0.073000
0.073000
0.073200
0.073400
0.073600
0.073800
0.074000
0.074200
0.074400
0.074600
0.074800
0.075000
0.075400
0.075800
0.076200
0.076600
0.077000
0.077600
0.078200
0.078800
0.079400
0.080000
0.081000
0.082000
0.083000
0.084000
0.085000
0.086800
0.088600
0.090400
0.092200
0.094000
0.097000
0.100000
0.103000
0.106000
0.109000
0.112400
0.115800
0.119200
0.122600
0.126000
0.130400
0.134800
0.139200
0.143600
0.148000
0.152800
0.157600
0.162400
0.167200
0.172000
0.177200
0.182400
0.187600
0.192800
0.198000
0.202600
0.207200
0.211800
0.216400
0.221000
0.225000
0.229000
0.233000
0.237000
0.241000
0.244800
0.248600
0.252400
0.256200
0.260000
0.263600
0.267200
0.270800
0.274400
0.278000
0.282800
0.287600
0.292400
0.297200
0.302000
0.309400
0.316800
0.324200
0.331600
0.339000
0.345200
0.351400
0.357600
0.363800
0.370000
0.374400
0.378800
0.383200
0.387600
0.392000
0.393400
0.394800
0.396200
0.397600
0.399000
0.399200
0.399400
0.399600
0.399800
0.400000
0.398600
0.397200
0.395800
0.394400
0.393000
0.390400
0.387800
0.385200
0.382600
0.380000
0.377000
0.374000
0.371000
0.368000
0.365000
0.361800
0.358600
0.355400
0.352200
0.349000
0.345600
0.342200
0.338800
0.335400
0.332000
0.328600
0.325200
0.321800
0.318400
0.315000
0.311800
0.308600
0.305400
0.302200
0.299000
0.296200
0.293400
0.290600
0.287800
0.285000
0.282400
0.279800
0.277200
0.274600
0.272000
0.270400
0.268800
0.267200
0.265600
0.264000
0.262600
0.261200
0.259800
0.258400
0.257000
0.256000
0.255000
0.254000
0.253000
0.252000
0.251000
0.250000
0.249000
0.248000
0.247000
0.245800
0.244600
0.243400
0.242200
0.241000
0.239800
0.238600
0.237400
0.236200
0.235000
0.233800
0.232600
0.231400
0.230200
0.229000
0.228000
0.227000
0.226000
0.225000
0.224000
0.223200
0.222400
0.221600
0.220800
0.220000
0.219400
0.218800
0.218200
0.217600
0.217000
0.216800
0.216600
0.216400
0.216200
0.216000
0.216000
0.216000
0.216000
0.216000
0.216000
0.216600
0.217200
0.217800
0.218400
0.219000
0.220000
0.221000
0.222000
0.223000
0.224000
0.225200
0.226400
0.227600
0.228800
0.230000
0.231600
0.233200
0.234800
0.236400
0.238000
0.240600
0.243200
0.245800
0.248400
0.251000
0.254600
0.258200
0.261800
0.265400
0.269000
0.272800
0.276600
0.280400
0.284200
0.288000
0.292800
0.297600
0.302400
0.307200
0.312000
0.317600
0.323200
0.328800
0.334400
0.340000
0.345200
0.350400
0.355600
0.360800
0.366000
0.370800
0.375600
0.380400
0.385200
0.390000
0.394400
0.398800
0.403200
0.407600
0.412000
0.415800
0.419600
0.423400
0.427200
0.431000
0.434200
0.437400
0.440600
0.443800
0.447000
0.449600
0.452200
0.454800
0.457400
0.460000
0.462400
0.464800
0.467200
0.469600
0.472000
0.473800
0.475600
0.477400
0.479200
0.481000
0.482400
0.483800
0.485200
0.486600
0.488000
0.489000
0.490000
0.491000
0.492000
0.493000
0.493800
0.494600
0.495400
0.496200
0.497000
0.497600
0.498200
0.498800
0.499400
0.500000
0.500400
0.500800
0.501200
0.501600
0.502000
0.502600
0.503200
0.503800
0.504400
0.505000
0.506000
0.507000
0.508000
0.509000
0.510000
0.511200
0.512400
0.513600
0.514800
0.516000
#END
#END
#TCS4
#Name Yellowish_green
#Munsell 2.5_G_6/6
#TCSR
0.074000
0.075800
0.077600
0.079400
0.081200
0.083000
0.085000
0.087000
0.089000
0.091000
0.093000
0.095400
0.097800
0.100200
0.102600
0.105000
0.107200
0.109400
0.111600
0.113800
0.116000
0.117000
0.118000
0.119000
0.120000
0.121000
0.121600
0.122200
0.122800
0.123400
0.124000
0.124400
0.124800
0.125200
0.125600
0.126000
0.126400
0.126800
0.127200
0.127600
0.128000
0.128600
0.129200
0.129800
0.130400
0.131000
0.131800
0.132600
0.133400
0.134200
0.135000
0.135800
0.136600
0.137400
0.138200
0.139000
0.140000
0.141000
0.142000
0.143000
0.144000
0.145400
0.146800
0.148200
0.149600
0.151000
0.153000
0.155000
0.157000
0.159000
0.161000
0.163200
0.165400
0.167600
0.169800
0.172000
0.174800
0.177600
0.180400
0.183200
0.186000
0.189800
0.193600
0.197400
0.201200
0.205000
0.209800
0.214600
0.219400
0.224200
0.229000
0.234000
0.239000
0.244000
0.249000
0.254000
0.259400
0.264800
0.270200
0.275600
0.281000
0.286400
0.291800
0.297200
0.302600
0.308000
0.312800
0.317600
0.322400
0.327200
0.332000
0.336000
0.340000
0.344000
0.348000
0.352000
0.355600
0.359200
0.362800
0.366400
0.370000
0.372600
0.375200
0.377800
0.380400
0.383000
0.385200
0.387400
0.389600
0.391800
0.394000
0.394000
0.394000
0.394000
0.394000
0.394000
0.394200
0.394400
0.394600
0.394800
0.395000
0.394400
0.393800
0.393200
0.392600
0.392000
0.390600
0.389200
0.387800
0.386400
0.385000
0.383400
0.381800
0.380200
0.378600
0.377000
0.375000
0.373000
0.371000
0.369000
0.367000
0.364400
0.361800
0.359200
0.356600
0.354000
0.351400
0.348800
0.346200
0.343600
0.341000
0.338200
0.335400
0.332600
0.329800
0.327000
0.324000
0.321000
0.318000
0.315000
0.312000
0.308800
0.305600
0.302400
0.299200
0.296000
0.292800
0.289600
0.286400
0.283200
0.280000
0.276600
0.273200
0.269800
0.266400
0.263000
0.259800
0.256600
0.253400
0.250200
0.247000
0.243400
0.239800
0.236200
0.232600
0.229000
0.226000
0.223000
0.220000
0.217000
0.214000
0.210800
0.207600
0.204400
0.201200
0.198000
0.195400
0.192800
0.190200
0.187600
0.185000
0.183000
0.181000
0.179000
0.177000
0.175000
0.173800
0.172600
0.171400
0.170200
0.169000
0.168000
0.167000
0.166000
0.165000
0.164000
0.163200
0.162400
0.161600
0.160800
0.160000
0.159200
0.158400
0.157600
0.156800
0.156000
0.155600
0.155200
0.154800
0.154400
0.154000
0.153600
0.153200
0.152800
0.152400
0.152000
0.151800
0.151600
0.151400
0.151200
0.151000
0.150600
0.150200
0.149800
0.149400
0.149000
0.148800
0.148600
0.148400
0.148200
0.148000
0.148000
0.148000
0.148000
0.148000
0.148000
0.148000
0.148000
0.148000
0.148000
0.148000
0.148200
0.148400
0.148600
0.148800
0.149000
0.149400
0.149800
0.150200
0.150600
0.151000
0.151600
0.152200
0.152800
0.153400
0.154000
0.154800
0.155600
0.156400
0.157200
0.158000
0.158800
0.159600
0.160400
0.161200
0.162000
0.162600
0.163200
0.163800
0.164400
0.165000
0.165600
0.166200
0.166800
0.167400
0.168000
0.168400
0.168800
0.169200
0.169600
0.170000
0.170200
0.170400
0.170600
0.170800
0.171000
0.170800
0.170600
0.170400
0.170200
0.170000
0.169600
0.169200
0.168800
0.168400
0.168000
0.167600
0.167200
0.166800
0.166400
0.166000
0.165600
0.165200
0.164800
0.164400
0.164000
0.164000
0.164000
0.164000
0.164000
0.164000
0.164200
0.164400
0.164600
0.164800
0.165000
0.165600
0.166200
0.166800
0.167400
0.168000
0.168800
0.169600
0.170400
0.171200
0.172000
0.173000
0.174000
0.175000
0.176000
0.177000
0.177800
0.178600
0.179400
0.180200
0.181000
0.181800
0.182600
0.183400
0.184200
0.185000
0.185800
0.186600
0.187400
0.188200
0.189000
0.189600
0.190200
0.190800
0.191400
0.192000
0.192400
0.192800
0.193200
0.193600
0.194000
0.194600
0.195200
0.195800
0.196400
0.197000
#END
#END
#TCS5
#Name Light_bluish_green
#Munsell 10_BG_6/4
#TCSR
0.295000
0.297200
0.299400
0.301600
0.303800
0.306000
0.306800
0.307600
0.308400
0.309200
0.310000
0.310400
0.310800
0.311200
0.311600
0.312000
0.312200
0.312400
0.312600
0.312800
0.313000
0.313400
0.313800
0.314200
0.314600
0.315000
0.315800
0.316600
0.317400
0.318200
0.319000
0.319600
0.320200
0.320800
0.321400
0.322000
0.322800
0.323600
0.324400
0.325200
0.326000
0.326800
0.327600
0.328400
0.329200
0.330000
0.330800
0.331600
0.332400
0.333200
0.334000
0.335000
0.336000
0.337000
0.338000
0.339000
0.340400
0.341800
0.343200
0.344600
0.346000
0.347200
0.348400
0.349600
0.350800
0.352000
0.353600
0.355200
0.356800
0.358400
0.360000
0.361800
0.363600
0.365400
0.367200
0.369000
0.371400
0.373800
0.376200
0.378600
0.381000
0.383600
0.386200
0.388800
0.391400
0.394000
0.395800
0.397600
0.399400
0.401200
0.403000
0.404400
0.405800
0.407200
0.408600
0.410000
0.411000
0.412000
0.413000
0.414000
0.415000
0.415600
0.416200
0.416800
0.417400
0.418000
0.418200
0.418400
0.418600
0.418800
0.419000
0.418600
0.418200
0.417800
0.417400
0.417000
0.416200
0.415400
0.414600
0.413800
0.413000
0.412200
0.411400
0.410600
0.409800
0.409000
0.407800
0.406600
0.405400
0.404200
0.403000
0.401600
0.400200
0.398800
0.397400
0.396000
0.394600
0.393200
0.391800
0.390400
0.389000
0.387400
0.385800
0.384200
0.382600
0.381000
0.379200
0.377400
0.375600
0.373800
0.372000
0.370200
0.368400
0.366600
0.364800
0.363000
0.361000
0.359000
0.357000
0.355000
0.353000
0.350800
0.348600
0.346400
0.344200
0.342000
0.339800
0.337600
0.335400
0.333200
0.331000
0.328800
0.326600
0.324400
0.322200
0.320000
0.317600
0.315200
0.312800
0.310400
0.308000
0.305600
0.303200
0.300800
0.298400
0.296000
0.293600
0.291200
0.288800
0.286400
0.284000
0.281400
0.278800
0.276200
0.273600
0.271000
0.268800
0.266600
0.264400
0.262200
0.260000
0.257400
0.254800
0.252200
0.249600
0.247000
0.244000
0.241000
0.238000
0.235000
0.232000
0.229600
0.227200
0.224800
0.222400
0.220000
0.218000
0.216000
0.214000
0.212000
0.210000
0.208000
0.206000
0.204000
0.202000
0.200000
0.198800
0.197600
0.196400
0.195200
0.194000
0.193000
0.192000
0.191000
0.190000
0.189000
0.188200
0.187400
0.186600
0.185800
0.185000
0.184600
0.184200
0.183800
0.183400
0.183000
0.182400
0.181800
0.181200
0.180600
0.180000
0.179400
0.178800
0.178200
0.177600
0.177000
0.176800
0.176600
0.176400
0.176200
0.176000
0.175800
0.175600
0.175400
0.175200
0.175000
0.175000
0.175000
0.175000
0.175000
0.175000
0.175000
0.175000
0.175000
0.175000
0.175000
0.175000
0.175000
0.175000
0.175000
0.175000
0.175400
0.175800
0.176200
0.176600
0.177000
0.177600
0.178200
0.178800
0.179400
0.180000
0.180600
0.181200
0.181800
0.182400
0.183000
0.183600
0.184200
0.184800
0.185400
0.186000
0.186600
0.187200
0.187800
0.188400
0.189000
0.189600
0.190200
0.190800
0.191400
0.192000
0.192600
0.193200
0.193800
0.194400
0.195000
0.195800
0.196600
0.197400
0.198200
0.199000
0.199200
0.199400
0.199600
0.199800
0.200000
0.199800
0.199600
0.199400
0.199200
0.199000
0.198800
0.198600
0.198400
0.198200
0.198000
0.197600
0.197200
0.196800
0.196400
0.196000
0.195800
0.195600
0.195400
0.195200
0.195000
0.195000
0.195000
0.195000
0.195000
0.195000
0.195200
0.195400
0.195600
0.195800
0.196000
0.196200
0.196400
0.196600
0.196800
0.197000
0.197600
0.198200
0.198800
0.199400
0.200000
0.200600
0.201200
0.201800
0.202400
0.203000
0.203400
0.203800
0.204200
0.204600
0.205000
0.205600
0.206200
0.206800
0.207400
0.208000
0.208800
0.209600
0.210400
0.211200
0.212000
0.212600
0.213200
0.213800
0.214400
0.215000
0.215400
0.215800
0.216200
0.216600
0.217000
0.217400
0.217800
0.218200
0.218600
0.219000
#END
#END
#TCS6
#Name Light_blue
#Munsell 5_PB_6/8
#TCSR
0.151000
0.161400
0.171800
0.182200
0.192600
0.203000
0.215400
0.227800
0.240200
0.252600
0.265000
0.279800
0.294600
0.309400
0.324200
0.339000
0.353200
0.367400
0.381600
0.395800
0.410000
0.420800
0.431600
0.442400
0.453200
0.464000
0.469600
0.475200
0.480800
0.486400
0.492000
0.495200
0.498400
0.501600
0.504800
0.508000
0.509800
0.511600
0.513400
0.515200
0.517000
0.518400
0.519800
0.521200
0.522600
0.524000
0.525400
0.526800
0.528200
0.529600
0.531000
0.532400
0.533800
0.535200
0.536600
0.538000
0.539200
0.540400
0.541600
0.542800
0.544000
0.545400
0.546800
0.548200
0.549600
0.551000
0.552000
0.553000
0.554000
0.555000
0.556000
0.556000
0.556000
0.556000
0.556000
0.556000
0.555600
0.555200
0.554800
0.554400
0.554000
0.553000
0.552000
0.551000
0.550000
0.549000
0.547400
0.545800
0.544200
0.542600
0.541000
0.539000
0.537000
0.535000
0.533000
0.531000
0.528600
0.526200
0.523800
0.521400
0.519000
0.516000
0.513000
0.510000
0.507000
0.504000
0.500800
0.497600
0.494400
0.491200
0.488000
0.484200
0.480400
0.476600
0.472800
0.469000
0.465200
0.461400
0.457600
0.453800
0.450000
0.446200
0.442400
0.438600
0.434800
0.431000
0.427600
0.424200
0.420800
0.417400
0.414000
0.410200
0.406400
0.402600
0.398800
0.395000
0.391400
0.387800
0.384200
0.380600
0.377000
0.373200
0.369400
0.365600
0.361800
0.358000
0.354600
0.351200
0.347800
0.344400
0.341000
0.337800
0.334600
0.331400
0.328200
0.325000
0.321800
0.318600
0.315400
0.312200
0.309000
0.305800
0.302600
0.299400
0.296200
0.293000
0.290200
0.287400
0.284600
0.281800
0.279000
0.276200
0.273400
0.270600
0.267800
0.265000
0.262600
0.260200
0.257800
0.255400
0.253000
0.250600
0.248200
0.245800
0.243400
0.241000
0.239600
0.238200
0.236800
0.235400
0.234000
0.232600
0.231200
0.229800
0.228400
0.227000
0.226600
0.226200
0.225800
0.225400
0.225000
0.224400
0.223800
0.223200
0.222600
0.222000
0.221800
0.221600
0.221400
0.221200
0.221000
0.220800
0.220600
0.220400
0.220200
0.220000
0.220000
0.220000
0.220000
0.220000
0.220000
0.220000
0.220000
0.220000
0.220000
0.220000
0.220000
0.220000
0.220000
0.220000
0.220000
0.220000
0.220000
0.220000
0.220000
0.220000
0.220600
0.221200
0.221800
0.222400
0.223000
0.223800
0.224600
0.225400
0.226200
0.227000
0.228200
0.229400
0.230600
0.231800
0.233000
0.234200
0.235400
0.236600
0.237800
0.239000
0.240000
0.241000
0.242000
0.243000
0.244000
0.245400
0.246800
0.248200
0.249600
0.251000
0.252400
0.253800
0.255200
0.256600
0.258000
0.259000
0.260000
0.261000
0.262000
0.263000
0.264000
0.265000
0.266000
0.267000
0.268000
0.269000
0.270000
0.271000
0.272000
0.273000
0.274000
0.275000
0.276000
0.277000
0.278000
0.278600
0.279200
0.279800
0.280400
0.281000
0.281400
0.281800
0.282200
0.282600
0.283000
0.283600
0.284200
0.284800
0.285400
0.286000
0.287000
0.288000
0.289000
0.290000
0.291000
0.292000
0.293000
0.294000
0.295000
0.296000
0.297200
0.298400
0.299600
0.300800
0.302000
0.304200
0.306400
0.308600
0.310800
0.313000
0.315400
0.317800
0.320200
0.322600
0.325000
0.327600
0.330200
0.332800
0.335400
0.338000
0.340600
0.343200
0.345800
0.348400
0.351000
0.353600
0.356200
0.358800
0.361400
0.364000
0.366400
0.368800
0.371200
0.373600
0.376000
0.378600
0.381200
0.383800
0.386400
0.389000
0.391400
0.393800
0.396200
0.398600
0.401000
0.403400
0.405800
0.408200
0.410600
0.413000
0.415400
0.417800
0.420200
0.422600
0.425000
0.427200
0.429400
0.431600
0.433800
0.436000
0.438200
0.440400
0.442600
0.444800
0.447000
0.449200
0.451400
0.453600
0.455800
0.458000
0.460200
0.462400
0.464600
0.466800
0.469000
0.470600
0.472200
0.473800
0.475400
0.477000
0.478600
0.480200
0.481800
0.483400
0.485000
#END
#END
#TCS7
#Name Light_violet
#Munsell 2.5_P_6/8
#TCSR
0.378000
0.394200
0.410400
0.426600
0.442800
0.459000
0.472000
0.485000
0.498000
0.511000
0.524000
0.528400
0.532800
0.537200
0.541600
0.546000
0.547000
0.548000
0.549000
0.550000
0.551000
0.551800
0.552600
0.553400
0.554200
0.555000
0.555800
0.556600
0.557400
0.558200
0.559000
0.559200
0.559400
0.559600
0.559800
0.560000
0.560200
0.560400
0.560600
0.560800
0.561000
0.560400
0.559800
0.559200
0.558600
0.558000
0.557600
0.557200
0.556800
0.556400
0.556000
0.555000
0.554000
0.553000
0.552000
0.551000
0.549600
0.548200
0.546800
0.545400
0.544000
0.542200
0.540400
0.538600
0.536800
0.535000
0.532400
0.529800
0.527200
0.524600
0.522000
0.518800
0.515600
0.512400
0.509200
0.506000
0.502400
0.498800
0.495200
0.491600
0.488000
0.484200
0.480400
0.476600
0.472800
0.469000
0.464800
0.460600
0.456400
0.452200
0.448000
0.444200
0.440400
0.436600
0.432800
0.429000
0.424800
0.420600
0.416400
0.412200
0.408000
0.403400
0.398800
0.394200
0.389600
0.385000
0.380600
0.376200
0.371800
0.367400
0.363000
0.358600
0.354200
0.349800
0.345400
0.341000
0.337600
0.334200
0.330800
0.327400
0.324000
0.321400
0.318800
0.316200
0.313600
0.311000
0.309000
0.307000
0.305000
0.303000
0.301000
0.299000
0.297000
0.295000
0.293000
0.291000
0.289400
0.287800
0.286200
0.284600
0.283000
0.281000
0.279000
0.277000
0.275000
0.273000
0.271400
0.269800
0.268200
0.266600
0.265000
0.264000
0.263000
0.262000
0.261000
0.260000
0.259400
0.258800
0.258200
0.257600
0.257000
0.257000
0.257000
0.257000
0.257000
0.257000
0.257400
0.257800
0.258200
0.258600
0.259000
0.259200
0.259400
0.259600
0.259800
0.260000
0.260000
0.260000
0.260000
0.260000
0.260000
0.259600
0.259200
0.258800
0.258400
0.258000
0.257600
0.257200
0.256800
0.256400
0.256000
0.255600
0.255200
0.254800
0.254400
0.254000
0.254000
0.254000
0.254000
0.254000
0.254000
0.255000
0.256000
0.257000
0.258000
0.259000
0.261200
0.263400
0.265600
0.267800
0.270000
0.272800
0.275600
0.278400
0.281200
0.284000
0.287600
0.291200
0.294800
0.298400
0.302000
0.306400
0.310800
0.315200
0.319600
0.324000
0.328000
0.332000
0.336000
0.340000
0.344000
0.347600
0.351200
0.354800
0.358400
0.362000
0.365000
0.368000
0.371000
0.374000
0.377000
0.379400
0.381800
0.384200
0.386600
0.389000
0.391200
0.393400
0.395600
0.397800
0.400000
0.402000
0.404000
0.406000
0.408000
0.410000
0.412000
0.414000
0.416000
0.418000
0.420000
0.421800
0.423600
0.425400
0.427200
0.429000
0.430800
0.432600
0.434400
0.436200
0.438000
0.439400
0.440800
0.442200
0.443600
0.445000
0.446400
0.447800
0.449200
0.450600
0.452000
0.453000
0.454000
0.455000
0.456000
0.457000
0.458000
0.459000
0.460000
0.461000
0.462000
0.462800
0.463600
0.464400
0.465200
0.466000
0.466400
0.466800
0.467200
0.467600
0.468000
0.468400
0.468800
0.469200
0.469600
0.470000
0.470600
0.471200
0.471800
0.472400
0.473000
0.473800
0.474600
0.475400
0.476200
0.477000
0.478200
0.479400
0.480600
0.481800
0.483000
0.484200
0.485400
0.486600
0.487800
0.489000
0.490400
0.491800
0.493200
0.494600
0.496000
0.497400
0.498800
0.500200
0.501600
0.503000
0.504600
0.506200
0.507800
0.509400
0.511000
0.512400
0.513800
0.515200
0.516600
0.518000
0.519400
0.520800
0.522200
0.523600
0.525000
0.526400
0.527800
0.529200
0.530600
0.532000
0.533400
0.534800
0.536200
0.537600
0.539000
0.540400
0.541800
0.543200
0.544600
0.546000
0.547400
0.548800
0.550200
0.551600
0.553000
0.554200
0.555400
0.556600
0.557800
0.559000
0.560200
0.561400
0.562600
0.563800
0.565000
0.566000
0.567000
0.568000
0.569000
0.570000
0.571000
0.572000
0.573000
0.574000
0.575000
0.575600
0.576200
0.576800
0.577400
0.578000
0.578600
0.579200
0.579800
0.580400
0.581000
#END
#END
#TCS8
#Name Light_reddish_purple
#Munsell 10_P_6/8
#TCSR
0.104000
0.109000
0.114000
0.119000
0.124000
0.129000
0.137200
0.145400
0.153600
0.161800
0.170000
0.184000
0.198000
0.212000
0.226000
0.240000
0.255800
0.271600
0.287400
0.303200
0.319000
0.338400
0.357800
0.377200
0.396600
0.416000
0.425200
0.434400
0.443600
0.452800
0.462000
0.466000
0.470000
0.474000
0.478000
0.482000
0.483600
0.485200
0.486800
0.488400
0.490000
0.489600
0.489200
0.488800
0.488400
0.488000
0.486800
0.485600
0.484400
0.483200
0.482000
0.480200
0.478400
0.476600
0.474800
0.473000
0.470800
0.468600
0.466400
0.464200
0.462000
0.459600
0.457200
0.454800
0.452400
0.450000
0.447800
0.445600
0.443400
0.441200
0.439000
0.436400
0.433800
0.431200
0.428600
0.426000
0.423600
0.421200
0.418800
0.416400
0.414000
0.410600
0.407200
0.403800
0.400400
0.397000
0.394000
0.391000
0.388000
0.385000
0.382000
0.378800
0.375600
0.372400
0.369200
0.366000
0.363200
0.360400
0.357600
0.354800
0.352000
0.349000
0.346000
0.343000
0.340000
0.337000
0.334600
0.332200
0.329800
0.327400
0.325000
0.322000
0.319000
0.316000
0.313000
0.310000
0.307800
0.305600
0.303400
0.301200
0.299000
0.297000
0.295000
0.293000
0.291000
0.289000
0.287800
0.286600
0.285400
0.284200
0.283000
0.281600
0.280200
0.278800
0.277400
0.276000
0.274800
0.273600
0.272400
0.271200
0.270000
0.268400
0.266800
0.265200
0.263600
0.262000
0.260800
0.259600
0.258400
0.257200
0.256000
0.255000
0.254000
0.253000
0.252000
0.251000
0.250800
0.250600
0.250400
0.250200
0.250000
0.250000
0.250000
0.250000
0.250000
0.250000
0.250800
0.251600
0.252400
0.253200
0.254000
0.254800
0.255600
0.256400
0.257200
0.258000
0.259200
0.260400
0.261600
0.262800
0.264000
0.265000
0.266000
0.267000
0.268000
0.269000
0.269600
0.270200
0.270800
0.271400
0.272000
0.272400
0.272800
0.273200
0.273600
0.274000
0.274800
0.275600
0.276400
0.277200
0.278000
0.279200
0.280400
0.281600
0.282800
0.284000
0.286200
0.288400
0.290600
0.292800
0.295000
0.299200
0.303400
0.307600
0.311800
0.316000
0.322400
0.328800
0.335200
0.341600
0.348000
0.355200
0.362400
0.369600
0.376800
0.384000
0.394000
0.404000
0.414000
0.424000
0.434000
0.443600
0.453200
0.462800
0.472400
0.482000
0.491200
0.500400
0.509600
0.518800
0.528000
0.536000
0.544000
0.552000
0.560000
0.568000
0.575200
0.582400
0.589600
0.596800
0.604000
0.609000
0.614000
0.619000
0.624000
0.629000
0.632800
0.636600
0.640400
0.644200
0.648000
0.651000
0.654000
0.657000
0.660000
0.663000
0.665600
0.668200
0.670800
0.673400
0.676000
0.677800
0.679600
0.681400
0.683200
0.685000
0.686600
0.688200
0.689800
0.691400
0.693000
0.694400
0.695800
0.697200
0.698600
0.700000
0.701000
0.702000
0.703000
0.704000
0.705000
0.705800
0.706600
0.707400
0.708200
0.709000
0.709600
0.710200
0.710800
0.711400
0.712000
0.712600
0.713200
0.713800
0.714400
0.715000
0.715400
0.715800
0.716200
0.716600
0.717000
0.717400
0.717800
0.718200
0.718600
0.719000
0.719400
0.719800
0.720200
0.720600
0.721000
0.720800
0.720600
0.720400
0.720200
0.720000
0.719800
0.719600
0.719400
0.719200
0.719000
0.719600
0.720200
0.720800
0.721400
0.722000
0.722600
0.723200
0.723800
0.724400
0.725000
0.725400
0.725800
0.726200
0.726600
0.727000
0.727400
0.727800
0.728200
0.728600
0.729000
0.729200
0.729400
0.729600
0.729800
0.730000
0.730000
0.730000
0.730000
0.730000
0.730000
0.730000
0.730000
0.730000
0.730000
0.730000
0.730000
0.730000
0.730000
0.730000
0.730000
0.730000
0.730000
0.730000
0.730000
0.730000
0.730000
0.730000
0.730000
0.730000
0.730000
0.730000
0.730000
0.730000
0.730000
0.730000
0.730000
0.730000
0.730000
0.730000
0.730000
0.730000
0.730000
0.730000
0.730000
0.730000
0.730000
0.730000
0.730000
0.730000
0.730000
#END
#END
#TCS9
#Name Deep_red
#Munsell 4.5_R_4/13
#TCSR
0.066000
0.065200
0.064400
0.063600
0.062800
0.062000
0.061200
0.060400
0.059600
0.058800
0.058000
0.057400
0.056800
0.056200
0.055600
0.055000
0.054400
0.053800
0.053200
0.052600
0.052000
0.052000
0.052000
0.052000
0.052000
0.052000
0.051800
0.051600
0.051400
0.051200
0.051000
0.050800
0.050600
0.050400
0.050200
0.050000
0.050000
0.050000
0.050000
0.050000
0.050000
0.049800
0.049600
0.049400
0.049200
0.049000
0.048800
0.048600
0.048400
0.048200
0.048000
0.047800
0.047600
0.047400
0.047200
0.047000
0.046800
0.046600
0.046400
0.046200
0.046000
0.045600
0.045200
0.044800
0.044400
0.044000
0.043600
0.043200
0.042800
0.042400
0.042000
0.041800
0.041600
0.041400
0.041200
0.041000
0.040400
0.039800
0.039200
0.038600
0.038000
0.037400
0.036800
0.036200
0.035600
0.035000
0.034600
0.034200
0.033800
0.033400
0.033000
0.032600
0.032200
0.031800
0.031400
0.031000
0.030800
0.030600
0.030400
0.030200
0.030000
0.029800
0.029600
0.029400
0.029200
0.029000
0.028800
0.028600
0.028400
0.028200
0.028000
0.028000
0.028000
0.028000
0.028000
0.028000
0.028000
0.028000
0.028000
0.028000
0.028000
0.028200
0.028400
0.028600
0.028800
0.029000
0.029200
0.029400
0.029600
0.029800
0.030000
0.030000
0.030000
0.030000
0.030000
0.030000
0.030200
0.030400
0.030600
0.030800
0.031000
0.031000
0.031000
0.031000
0.031000
0.031000
0.031200
0.031400
0.031600
0.031800
0.032000
0.032000
0.032000
0.032000
0.032000
0.032000
0.032200
0.032400
0.032600
0.032800
0.033000
0.033200
0.033400
0.033600
0.033800
0.034000
0.034200
0.034400
0.034600
0.034800
0.035000
0.035400
0.035800
0.036200
0.036600
0.037000
0.037800
0.038600
0.039400
0.040200
0.041000
0.041600
0.042200
0.042800
0.043400
0.044000
0.044800
0.045600
0.046400
0.047200
0.048000
0.048800
0.049600
0.050400
0.051200
0.052000
0.053600
0.055200
0.056800
0.058400
0.060000
0.063200
0.066400
0.069600
0.072800
0.076000
0.081200
0.086400
0.091600
0.096800
0.102000
0.108800
0.115600
0.122400
0.129200
0.136000
0.146800
0.157600
0.168400
0.179200
0.190000
0.203200
0.216400
0.229600
0.242800
0.256000
0.272000
0.288000
0.304000
0.320000
0.336000
0.352400
0.368800
0.385200
0.401600
0.418000
0.435400
0.452800
0.470200
0.487600
0.505000
0.520200
0.535400
0.550600
0.565800
0.581000
0.593000
0.605000
0.617000
0.629000
0.641000
0.649200
0.657400
0.665600
0.673800
0.682000
0.689000
0.696000
0.703000
0.710000
0.717000
0.721600
0.726200
0.730800
0.735400
0.740000
0.743600
0.747200
0.750800
0.754400
0.758000
0.760400
0.762800
0.765200
0.767600
0.770000
0.772200
0.774400
0.776600
0.778800
0.781000
0.782800
0.784600
0.786400
0.788200
0.790000
0.791400
0.792800
0.794200
0.795600
0.797000
0.798200
0.799400
0.800600
0.801800
0.803000
0.804200
0.805400
0.806600
0.807800
0.809000
0.810000
0.811000
0.812000
0.813000
0.814000
0.815000
0.816000
0.817000
0.818000
0.819000
0.820000
0.821000
0.822000
0.823000
0.824000
0.824800
0.825600
0.826400
0.827200
0.828000
0.828400
0.828800
0.829200
0.829600
0.830000
0.830200
0.830400
0.830600
0.830800
0.831000
0.831400
0.831800
0.832200
0.832600
0.833000
0.833400
0.833800
0.834200
0.834600
0.835000
0.835200
0.835400
0.835600
0.835800
0.836000
0.836000
0.836000
0.836000
0.836000
0.836000
0.836200
0.836400
0.836600
0.836800
0.837000
0.837200
0.837400
0.837600
0.837800
0.838000
0.838200
0.838400
0.838600
0.838800
0.839000
0.839000
0.839000
0.839000
0.839000
0.839000
0.839000
0.839000
0.839000
0.839000
0.839000
0.839000
0.839000
0.839000
0.839000
0.839000
0.839000
0.839000
0.839000
0.839000
0.839000
0.839000
0.839000
0.839000
0.839000
0.839000
0.839000
0.839000
0.839000
0.839000
0.839000
0.839000
0.839000
0.839000
0.839000
0.839000
#END
#END
#TCS10
#Name Deep_yellow
#Munsell 5_Y_8/10
#TCSR
0.050000
0.050800
0.051600
0.052400
0.053200
0.054000
0.055000
0.056000
0.057000
0.058000
0.059000
0.059800
0.060600
0.061400
0.062200
0.063000
0.063600
0.064200
0.064800
0.065400
0.066000
0.066200
0.066400
0.066600
0.066800
0.067000
0.067200
0.067400
0.067600
0.067800
0.068000
0.068200
0.068400
0.068600
0.068800
0.069000
0.069000
0.069000
0.069000
0.069000
0.069000
0.069200
0.069400
0.069600
0.069800
0.070000
0.070400
0.070800
0.071200
0.071600
0.072000
0.072200
0.072400
0.072600
0.072800
0.073000
0.073600
0.074200
0.074800
0.075400
0.076000
0.076400
0.076800
0.077200
0.077600
0.078000
0.079000
0.080000
0.081000
0.082000
0.083000
0.084000
0.085000
0.086000
0.087000
0.088000
0.089400
0.090800
0.092200
0.093600
0.095000
0.096600
0.098200
0.099800
0.101400
0.103000
0.105000
0.107000
0.109000
0.111000
0.113000
0.115400
0.117800
0.120200
0.122600
0.125000
0.128400
0.131800
0.135200
0.138600
0.142000
0.146000
0.150000
0.154000
0.158000
0.162000
0.167400
0.172800
0.178200
0.183600
0.189000
0.195000
0.201000
0.207000
0.213000
0.219000
0.227600
0.236200
0.244800
0.253400
0.262000
0.270600
0.279200
0.287800
0.296400
0.305000
0.317000
0.329000
0.341000
0.353000
0.365000
0.375200
0.385400
0.395600
0.405800
0.416000
0.425800
0.435600
0.445400
0.455200
0.465000
0.473800
0.482600
0.491400
0.500200
0.509000
0.516400
0.523800
0.531200
0.538600
0.546000
0.553000
0.560000
0.567000
0.574000
0.581000
0.586800
0.592600
0.598400
0.604200
0.610000
0.614800
0.619600
0.624400
0.629200
0.634000
0.637800
0.641600
0.645400
0.649200
0.653000
0.655600
0.658200
0.660800
0.663400
0.666000
0.667800
0.669600
0.671400
0.673200
0.675000
0.677400
0.679800
0.682200
0.684600
0.687000
0.688200
0.689400
0.690600
0.691800
0.693000
0.694000
0.695000
0.696000
0.697000
0.698000
0.698600
0.699200
0.699800
0.700400
0.701000
0.701600
0.702200
0.702800
0.703400
0.704000
0.704200
0.704400
0.704600
0.704800
0.705000
0.705000
0.705000
0.705000
0.705000
0.705000
0.705200
0.705400
0.705600
0.705800
0.706000
0.706200
0.706400
0.706600
0.706800
0.707000
0.707000
0.707000
0.707000
0.707000
0.707000
0.707000
0.707000
0.707000
0.707000
0.707000
0.707200
0.707400
0.707600
0.707800
0.708000
0.708000
0.708000
0.708000
0.708000
0.708000
0.708400
0.708800
0.709200
0.709600
0.710000
0.710200
0.710400
0.710600
0.710800
0.711000
0.711200
0.711400
0.711600
0.711800
0.712000
0.712400
0.712800
0.713200
0.713600
0.714000
0.714400
0.714800
0.715200
0.715600
0.716000
0.716400
0.716800
0.717200
0.717600
0.718000
0.718400
0.718800
0.719200
0.719600
0.720000
0.720400
0.720800
0.721200
0.721600
0.722000
0.722600
0.723200
0.723800
0.724400
0.725000
0.725800
0.726600
0.727400
0.728200
0.729000
0.729400
0.729800
0.730200
0.730600
0.731000
0.731800
0.732600
0.733400
0.734200
0.735000
0.735800
0.736600
0.737400
0.738200
0.739000
0.740200
0.741400
0.742600
0.743800
0.745000
0.745200
0.745400
0.745600
0.745800
0.746000
0.746400
0.746800
0.747200
0.747600
0.748000
0.748200
0.748400
0.748600
0.748800
0.749000
0.749400
0.749800
0.750200
0.750600
0.751000
0.751400
0.751800
0.752200
0.752600
0.753000
0.753200
0.753400
0.753600
0.753800
0.754000
0.754200
0.754400
0.754600
0.754800
0.755000
0.755000
0.755000
0.755000
0.755000
0.755000
0.755000
0.755000
0.755000
0.755000
0.755000
0.755000
0.755000
0.755000
0.755000
0.755000
0.755200
0.755400
0.755600
0.755800
0.756000
0.756200
0.756400
0.756600
0.756800
0.757000
0.757200
0.757400
0.757600
0.757800
0.758000
0.758200
0.758400
0.758600
0.758800
0.759000
0.759000
0.759000
0.759000
0.759000
0.759000
0.759000
0.759000
0.759000
0.759000
0.759000
0.759000
0.759000
0.759000
0.759000
0.759000
#END
#END
#TCS11
#Name Deep_green
#Munsell 4.5_G_5/8
#TCSR
0.111000
0.113000
0.115000
0.117000
0.119000
0.121000
0.122200
0.123400
0.124600
0.125800
0.127000
0.127400
0.127800
0.128200
0.128600
0.129000
0.128600
0.128200
0.127800
0.127400
0.127000
0.125800
0.124600
0.123400
0.122200
0.121000
0.120000
0.119000
0.118000
0.117000
0.116000
0.115200
0.114400
0.113600
0.112800
0.112000
0.111200
0.110400
0.109600
0.108800
0.108000
0.107400
0.106800
0.106200
0.105600
0.105000
0.104800
0.104600
0.104400
0.104200
0.104000
0.104000
0.104000
0.104000
0.104000
0.104000
0.104200
0.104400
0.104600
0.104800
0.105000
0.105200
0.105400
0.105600
0.105800
0.106000
0.106800
0.107600
0.108400
0.109200
0.110000
0.111000
0.112000
0.113000
0.114000
0.115000
0.116600
0.118200
0.119800
0.121400
0.123000
0.125200
0.127400
0.129600
0.131800
0.134000
0.136800
0.139600
0.142400
0.145200
0.148000
0.151800
0.155600
0.159400
0.163200
0.167000
0.172000
0.177000
0.182000
0.187000
0.192000
0.197400
0.202800
0.208200
0.213600
0.219000
0.225400
0.231800
0.238200
0.244600
0.251000
0.259000
0.267000
0.275000
0.283000
0.291000
0.297800
0.304600
0.311400
0.318200
0.325000
0.329400
0.333800
0.338200
0.342600
0.347000
0.348800
0.350600
0.352400
0.354200
0.356000
0.355400
0.354800
0.354200
0.353600
0.353000
0.351600
0.350200
0.348800
0.347400
0.346000
0.343400
0.340800
0.338200
0.335600
0.333000
0.329200
0.325400
0.321600
0.317800
0.314000
0.310000
0.306000
0.302000
0.298000
0.294000
0.289400
0.284800
0.280200
0.275600
0.271000
0.266400
0.261800
0.257200
0.252600
0.248000
0.243800
0.239600
0.235400
0.231200
0.227000
0.222800
0.218600
0.214400
0.210200
0.206000
0.202400
0.198800
0.195200
0.191600
0.188000
0.184400
0.180800
0.177200
0.173600
0.170000
0.166600
0.163200
0.159800
0.156400
0.153000
0.150000
0.147000
0.144000
0.141000
0.138000
0.135400
0.132800
0.130200
0.127600
0.125000
0.122800
0.120600
0.118400
0.116200
0.114000
0.112400
0.110800
0.109200
0.107600
0.106000
0.104800
0.103600
0.102400
0.101200
0.100000
0.099200
0.098400
0.097600
0.096800
0.096000
0.095200
0.094400
0.093600
0.092800
0.092000
0.091600
0.091200
0.090800
0.090400
0.090000
0.089400
0.088800
0.088200
0.087600
0.087000
0.086600
0.086200
0.085800
0.085400
0.085000
0.084400
0.083800
0.083200
0.082600
0.082000
0.081600
0.081200
0.080800
0.080400
0.080000
0.079800
0.079600
0.079400
0.079200
0.079000
0.078800
0.078600
0.078400
0.078200
0.078000
0.078000
0.078000
0.078000
0.078000
0.078000
0.078000
0.078000
0.078000
0.078000
0.078000
0.078000
0.078000
0.078000
0.078000
0.078000
0.078600
0.079200
0.079800
0.080400
0.081000
0.081400
0.081800
0.082200
0.082600
0.083000
0.083600
0.084200
0.084800
0.085400
0.086000
0.087400
0.088800
0.090200
0.091600
0.093000
0.094800
0.096600
0.098400
0.100200
0.102000
0.104000
0.106000
0.108000
0.110000
0.112000
0.114600
0.117200
0.119800
0.122400
0.125000
0.128200
0.131400
0.134600
0.137800
0.141000
0.145000
0.149000
0.153000
0.157000
0.161000
0.165200
0.169400
0.173600
0.177800
0.182000
0.186200
0.190400
0.194600
0.198800
0.203000
0.207000
0.211000
0.215000
0.219000
0.223000
0.226800
0.230600
0.234400
0.238200
0.242000
0.245000
0.248000
0.251000
0.254000
0.257000
0.259600
0.262200
0.264800
0.267400
0.270000
0.272400
0.274800
0.277200
0.279600
0.282000
0.284000
0.286000
0.288000
0.290000
0.292000
0.294000
0.296000
0.298000
0.300000
0.302000
0.303600
0.305200
0.306800
0.308400
0.310000
0.310800
0.311600
0.312400
0.313200
0.314000
0.314600
0.315200
0.315800
0.316400
0.317000
0.318200
0.319400
0.320600
0.321800
0.323000
0.324400
0.325800
0.327200
0.328600
0.330000
0.330800
0.331600
0.332400
0.333200
0.334000
0.334800
0.335600
0.336400
0.337200
0.338000
#END
#END
#TCS12
#Name Deep_blue
#Munsell 3_PB_3/11
#TCSR
0.120000
0.116600
0.113200
0.109800
0.106400
0.103000
0.100400
0.097800
0.095200
0.092600
0.090000
0.088400
0.086800
0.085200
0.083600
0.082000
0.080800
0.079600
0.078400
0.077200
0.076000
0.074400
0.072800
0.071200
0.069600
0.068000
0.067200
0.066400
0.065600
0.064800
0.064000
0.064200
0.064400
0.064600
0.064800
0.065000
0.067000
0.069000
0.071000
0.073000
0.075000
0.078600
0.082200
0.085800
0.089400
0.093000
0.099000
0.105000
0.111000
0.117000
0.123000
0.130400
0.137800
0.145200
0.152600
0.160000
0.169400
0.178800
0.188200
0.197600
0.207000
0.216800
0.226600
0.236400
0.246200
0.256000
0.264800
0.273600
0.282400
0.291200
0.300000
0.306200
0.312400
0.318600
0.324800
0.331000
0.334000
0.337000
0.340000
0.343000
0.346000
0.346200
0.346400
0.346600
0.346800
0.347000
0.345800
0.344600
0.343400
0.342200
0.341000
0.338400
0.335800
0.333200
0.330600
0.328000
0.323800
0.319600
0.315400
0.311200
0.307000
0.302000
0.297000
0.292000
0.287000
0.282000
0.277000
0.272000
0.267000
0.262000
0.257000
0.251600
0.246200
0.240800
0.235400
0.230000
0.224800
0.219600
0.214400
0.209200
0.204000
0.198800
0.193600
0.188400
0.183200
0.178000
0.173200
0.168400
0.163600
0.158800
0.154000
0.149000
0.144000
0.139000
0.134000
0.129000
0.125000
0.121000
0.117000
0.113000
0.109000
0.105200
0.101400
0.097600
0.093800
0.090000
0.087000
0.084000
0.081000
0.078000
0.075000
0.072400
0.069800
0.067200
0.064600
0.062000
0.059800
0.057600
0.055400
0.053200
0.051000
0.049000
0.047000
0.045000
0.043000
0.041000
0.039800
0.038600
0.037400
0.036200
0.035000
0.033800
0.032600
0.031400
0.030200
0.029000
0.028200
0.027400
0.026600
0.025800
0.025000
0.024400
0.023800
0.023200
0.022600
0.022000
0.021400
0.020800
0.020200
0.019600
0.019000
0.018600
0.018200
0.017800
0.017400
0.017000
0.017000
0.017000
0.017000
0.017000
0.017000
0.017000
0.017000
0.017000
0.017000
0.017000
0.016800
0.016600
0.016400
0.016200
0.016000
0.016000
0.016000
0.016000
0.016000
0.016000
0.016000
0.016000
0.016000
0.016000
0.016000
0.016000
0.016000
0.016000
0.016000
0.016000
0.016000
0.016000
0.016000
0.016000
0.016000
0.016000
0.016000
0.016000
0.016000
0.016000
0.016000
0.016000
0.016000
0.016000
0.016000
0.016000
0.016000
0.016000
0.016000
0.016000
0.016400
0.016800
0.017200
0.017600
0.018000
0.018000
0.018000
0.018000
0.018000
0.018000
0.018000
0.018000
0.018000
0.018000
0.018000
0.018000
0.018000
0.018000
0.018000
0.018000
0.018200
0.018400
0.018600
0.018800
0.019000
0.019200
0.019400
0.019600
0.019800
0.020000
0.020600
0.021200
0.021800
0.022400
0.023000
0.023200
0.023400
0.023600
0.023800
0.024000
0.024400
0.024800
0.025200
0.025600
0.026000
0.026800
0.027600
0.028400
0.029200
0.030000
0.031000
0.032000
0.033000
0.034000
0.035000
0.036600
0.038200
0.039800
0.041400
0.043000
0.045600
0.048200
0.050800
0.053400
0.056000
0.059600
0.063200
0.066800
0.070400
0.074000
0.078600
0.083200
0.087800
0.092400
0.097000
0.103200
0.109400
0.115600
0.121800
0.128000
0.135600
0.143200
0.150800
0.158400
0.166000
0.174800
0.183600
0.192400
0.201200
0.210000
0.219400
0.228800
0.238200
0.247600
0.257000
0.266600
0.276200
0.285800
0.295400
0.305000
0.314800
0.324600
0.334400
0.344200
0.354000
0.363400
0.372800
0.382200
0.391600
0.401000
0.410000
0.419000
0.428000
0.437000
0.446000
0.453800
0.461600
0.469400
0.477200
0.485000
0.492000
0.499000
0.506000
0.513000
0.520000
0.526200
0.532400
0.538600
0.544800
0.551000
0.556200
0.561400
0.566600
0.571800
0.577000
0.581400
0.585800
0.590200
0.594600
0.599000
0.602800
0.606600
0.610400
0.614200
0.618000
0.621000
0.624000
0.627000
0.630000
0.633000
0.635400
0.637800
0.640200
0.642600
0.645000
#END
#END
#TCS13
#Name Caucasian_skin
#Munsell 5_YR_8/4
#TCSR
0.104000
0.108600
0.113200
0.117800
0.122400
0.127000
0.133800
0.140600
0.147400
0.154200
0.161000
0.171000
0.181000
0.191000
0.201000
0.211000
0.221600
0.232200
0.242800
0.253400
0.264000
0.273800
0.283600
0.293400
0.303200
0.313000
0.318600
0.324200
0.329800
0.335400
0.341000
0.343200
0.345400
0.347600
0.349800
0.352000
0.353400
0.354800
0.356200
0.357600
0.359000
0.359400
0.359800
0.360200
0.360600
0.361000
0.361600
0.362200
0.362800
0.363400
0.364000
0.364200
0.364400
0.364600
0.364800
0.365000
0.365400
0.365800
0.366200
0.366600
0.367000
0.367400
0.367800
0.368200
0.368600
0.369000
0.369600
0.370200
0.370800
0.371400
0.372000
0.372400
0.372800
0.373200
0.373600
0.374000
0.374400
0.374800
0.375200
0.375600
0.376000
0.376600
0.377200
0.377800
0.378400
0.379000
0.380000
0.381000
0.382000
0.383000
0.384000
0.385000
0.386000
0.387000
0.388000
0.389000
0.390600
0.392200
0.393800
0.395400
0.397000
0.398600
0.400200
0.401800
0.403400
0.405000
0.407200
0.409400
0.411600
0.413800
0.416000
0.418600
0.421200
0.423800
0.426400
0.429000
0.431800
0.434600
0.437400
0.440200
0.443000
0.445200
0.447400
0.449600
0.451800
0.454000
0.455400
0.456800
0.458200
0.459600
0.461000
0.462000
0.463000
0.464000
0.465000
0.466000
0.466600
0.467200
0.467800
0.468400
0.469000
0.469400
0.469800
0.470200
0.470600
0.471000
0.471600
0.472200
0.472800
0.473400
0.474000
0.474400
0.474800
0.475200
0.475600
0.476000
0.477400
0.478800
0.480200
0.481600
0.483000
0.484400
0.485800
0.487200
0.488600
0.490000
0.493200
0.496400
0.499600
0.502800
0.506000
0.510000
0.514000
0.518000
0.522000
0.526000
0.531400
0.536800
0.542200
0.547600
0.553000
0.560800
0.568600
0.576400
0.584200
0.592000
0.597200
0.602400
0.607600
0.612800
0.618000
0.624600
0.631200
0.637800
0.644400
0.651000
0.656800
0.662600
0.668400
0.674200
0.680000
0.684200
0.688400
0.692600
0.696800
0.701000
0.704200
0.707400
0.710600
0.713800
0.717000
0.719400
0.721800
0.724200
0.726600
0.729000
0.730400
0.731800
0.733200
0.734600
0.736000
0.737200
0.738400
0.739600
0.740800
0.742000
0.742600
0.743200
0.743800
0.744400
0.745000
0.745400
0.745800
0.746200
0.746600
0.747000
0.747200
0.747400
0.747600
0.747800
0.748000
0.748000
0.748000
0.748000
0.748000
0.748000
0.748000
0.748000
0.748000
0.748000
0.748000
0.748000
0.748000
0.748000
0.748000
0.748000
0.748000
0.748000
0.748000
0.748000
0.748000
0.748000
0.748000
0.748000
0.748000
0.748000
0.748000
0.748000
0.748000
0.748000
0.748000
0.748000
0.748000
0.748000
0.748000
0.748000
0.747800
0.747600
0.747400
0.747200
0.747000
0.747000
0.747000
0.747000
0.747000
0.747000
0.747000
0.747000
0.747000
0.747000
0.747000
0.747000
0.747000
0.747000
0.747000
0.747000
0.747000
0.747000
0.747000
0.747000
0.747000
0.747000
0.747000
0.747000
0.747000
0.747000
0.747000
0.747000
0.747000
0.747000
0.747000
0.746800
0.746600
0.746400
0.746200
0.746000
0.746000
0.746000
0.746000
0.746000
0.746000
0.746000
0.746000
0.746000
0.746000
0.746000
0.745800
0.745600
0.745400
0.745200
0.745000
0.744800
0.744600
0.744400
0.744200
0.744000
0.743800
0.743600
0.743400
0.743200
0.743000
0.743200
0.743400
0.743600
0.743800
0.744000
0.744200
0.744400
0.744600
0.744800
0.745000
0.745600
0.746200
0.746800
0.747400
0.748000
0.748400
0.748800
0.749200
0.749600
0.750000
0.750000
0.750000
0.750000
0.750000
0.750000
0.749800
0.749600
0.749400
0.749200
0.749000
0.748800
0.748600
0.748400
0.748200
0.748000
0.748000
0.748000
0.748000
0.748000
0.748000
0.747800
0.747600
0.747400
0.747200
0.747000
0.747000
0.747000
0.747000
0.747000
0.747000
0.747000
0.747000
0.747000
0.747000
0.747000
0.747000
0.747000
0.747000
0.747000
0.747000
#END
#END
#TCS14
#Name Foliage_green
#Munsell 5_GY_4/4
#TCSR
0.036000
0.036000
0.036000
0.036000
0.036000
0.036000
0.036200
0.036400
0.036600
0.036800
0.037000
0.037200
0.037400
0.037600
0.037800
0.038000
0.038200
0.038400
0.038600
0.038800
0.039000
0.039000
0.039000
0.039000
0.039000
0.039000
0.039200
0.039400
0.039600
0.039800
0.040000
0.040200
0.040400
0.040600
0.040800
0.041000
0.041200
0.041400
0.041600
0.041800
0.042000
0.042000
0.042000
0.042000
0.042000
0.042000
0.042200
0.042400
0.042600
0.042800
0.043000
0.043200
0.043400
0.043600
0.043800
0.044000
0.044000
0.044000
0.044000
0.044000
0.044000
0.044200
0.044400
0.044600
0.044800
0.045000
0.045000
0.045000
0.045000
0.045000
0.045000
0.045200
0.045400
0.045600
0.045800
0.046000
0.046200
0.046400
0.046600
0.046800
0.047000
0.047200
0.047400
0.047600
0.047800
0.048000
0.048400
0.048800
0.049200
0.049600
0.050000
0.050400
0.050800
0.051200
0.051600
0.052000
0.052600
0.053200
0.053800
0.054400
0.055000
0.055400
0.055800
0.056200
0.056600
0.057000
0.058000
0.059000
0.060000
0.061000
0.062000
0.063000
0.064000
0.065000
0.066000
0.067000
0.068600
0.070200
0.071800
0.073400
0.075000
0.076600
0.078200
0.079800
0.081400
0.083000
0.084800
0.086600
0.088400
0.090200
0.092000
0.093600
0.095200
0.096800
0.098400
0.100000
0.101600
0.103200
0.104800
0.106400
0.108000
0.110600
0.113200
0.115800
0.118400
0.121000
0.123400
0.125800
0.128200
0.130600
0.133000
0.134800
0.136600
0.138400
0.140200
0.142000
0.143600
0.145200
0.146800
0.148400
0.150000
0.150800
0.151600
0.152400
0.153200
0.154000
0.154200
0.154400
0.154600
0.154800
0.155000
0.154400
0.153800
0.153200
0.152600
0.152000
0.151000
0.150000
0.149000
0.148000
0.147000
0.145600
0.144200
0.142800
0.141400
0.140000
0.138600
0.137200
0.135800
0.134400
0.133000
0.131400
0.129800
0.128200
0.126600
0.125000
0.123600
0.122200
0.120800
0.119400
0.118000
0.116800
0.115600
0.114400
0.113200
0.112000
0.110800
0.109600
0.108400
0.107200
0.106000
0.105000
0.104000
0.103000
0.102000
0.101000
0.100400
0.099800
0.099200
0.098600
0.098000
0.097400
0.096800
0.096200
0.095600
0.095000
0.094600
0.094200
0.093800
0.093400
0.093000
0.092400
0.091800
0.091200
0.090600
0.090000
0.089800
0.089600
0.089400
0.089200
0.089000
0.088600
0.088200
0.087800
0.087400
0.087000
0.086800
0.086600
0.086400
0.086200
0.086000
0.085800
0.085600
0.085400
0.085200
0.085000
0.084800
0.084600
0.084400
0.084200
0.084000
0.084000
0.084000
0.084000
0.084000
0.084000
0.084000
0.084000
0.084000
0.084000
0.084000
0.084000
0.084000
0.084000
0.084000
0.084000
0.084200
0.084400
0.084600
0.084800
0.085000
0.085400
0.085800
0.086200
0.086600
0.087000
0.088000
0.089000
0.090000
0.091000
0.092000
0.092800
0.093600
0.094400
0.095200
0.096000
0.097200
0.098400
0.099600
0.100800
0.102000
0.103600
0.105200
0.106800
0.108400
0.110000
0.112600
0.115200
0.117800
0.120400
0.123000
0.125800
0.128600
0.131400
0.134200
0.137000
0.140000
0.143000
0.146000
0.149000
0.152000
0.155400
0.158800
0.162200
0.165600
0.169000
0.172800
0.176600
0.180400
0.184200
0.188000
0.191800
0.195600
0.199400
0.203200
0.207000
0.210800
0.214600
0.218400
0.222200
0.226000
0.229400
0.232800
0.236200
0.239600
0.243000
0.246400
0.249800
0.253200
0.256600
0.260000
0.263400
0.266800
0.270200
0.273600
0.277000
0.280400
0.283800
0.287200
0.290600
0.294000
0.297200
0.300400
0.303600
0.306800
0.310000
0.313000
0.316000
0.319000
0.322000
0.325000
0.327800
0.330600
0.333400
0.336200
0.339000
0.341800
0.344600
0.347400
0.350200
0.353000
0.355600
0.358200
0.360800
0.363400
0.366000
0.368600
0.371200
0.373800
0.376400
0.379000
0.381200
0.383400
0.385600
0.387800
0.390000
0.391800
0.393600
0.395400
0.397200
0.399000
#END
#END
#TCS15
#Name Japanese_skin
#Munsell 1_YR_6/4
#TCSR
0.138000
0.138400
0.138800
0.139200
0.139600
0.140000
0.140400
0.140800
0.141200
0.141600
0.142000
0.142400
0.142800
0.143200
0.143600
0.144000
0.144600
0.145200
0.145800
0.146400
0.147000
0.147600
0.148200
0.148800
0.149400
0.150000
0.150400
0.150800
0.151200
0.151600
0.152000
0.152600
0.153200
0.153800
0.154400
0.155000
0.155600
0.156200
0.156800
0.157400
0.158000
0.158600
0.159200
0.159800
0.160400
0.161000
0.162200
0.163400
0.164600
0.165800
0.167000
0.168600
0.170200
0.171800
0.173400
0.175000
0.176800
0.178600
0.180400
0.182200
0.184000
0.185800
0.187600
0.189400
0.191200
0.193000
0.194400
0.195800
0.197200
0.198600
0.200000
0.201400
0.202800
0.204200
0.205600
0.207000
0.208200
0.209400
0.210600
0.211800
0.213000
0.214200
0.215400
0.216600
0.217800
0.219000
0.220200
0.221400
0.222600
0.223800
0.225000
0.225800
0.226600
0.227400
0.228200
0.229000
0.229800
0.230600
0.231400
0.232200
0.233000
0.234000
0.235000
0.236000
0.237000
0.238000
0.239200
0.240400
0.241600
0.242800
0.244000
0.244800
0.245600
0.246400
0.247200
0.248000
0.249000
0.250000
0.251000
0.252000
0.253000
0.253800
0.254600
0.255400
0.256200
0.257000
0.258000
0.259000
0.260000
0.261000
0.262000
0.261800
0.261600
0.261400
0.261200
0.261000
0.260600
0.260200
0.259800
0.259400
0.259000
0.258000
0.257000
0.256000
0.255000
0.254000
0.252800
0.251600
0.250400
0.249200
0.248000
0.247400
0.246800
0.246200
0.245600
0.245000
0.244200
0.243400
0.242600
0.241800
0.241000
0.241400
0.241800
0.242200
0.242600
0.243000
0.243600
0.244200
0.244800
0.245400
0.246000
0.247200
0.248400
0.249600
0.250800
0.252000
0.253200
0.254400
0.255600
0.256800
0.258000
0.258400
0.258800
0.259200
0.259600
0.260000
0.260600
0.261200
0.261800
0.262400
0.263000
0.264000
0.265000
0.266000
0.267000
0.268000
0.269200
0.270400
0.271600
0.272800
0.274000
0.276000
0.278000
0.280000
0.282000
0.284000
0.289600
0.295200
0.300800
0.306400
0.312000
0.319800
0.327600
0.335400
0.343200
0.351000
0.358800
0.366600
0.374400
0.382200
0.390000
0.395000
0.400000
0.405000
0.410000
0.415000
0.419800
0.424600
0.429400
0.434200
0.439000
0.442000
0.445000
0.448000
0.451000
0.454000
0.457000
0.460000
0.463000
0.466000
0.469000
0.471000
0.473000
0.475000
0.477000
0.479000
0.481000
0.483000
0.485000
0.487000
0.489000
0.490600
0.492200
0.493800
0.495400
0.497000
0.498600
0.500200
0.501800
0.503400
0.505000
0.506000
0.507000
0.508000
0.509000
0.510000
0.511200
0.512400
0.513600
0.514800
0.516000
0.517000
0.518000
0.519000
0.520000
0.521000
0.522000
0.523000
0.524000
0.525000
0.526000
0.527000
0.528000
0.529000
0.530000
0.531000
0.532000
0.533000
0.534000
0.535000
0.536000
0.537000
0.538000
0.539000
0.540000
0.541000
0.541800
0.542600
0.543400
0.544200
0.545000
0.545800
0.546600
0.547400
0.548200
0.549000
0.549800
0.550600
0.551400
0.552200
0.553000
0.553400
0.553800
0.554200
0.554600
0.555000
0.555600
0.556200
0.556800
0.557400
0.558000
0.558600
0.559200
0.559800
0.560400
0.561000
0.561200
0.561400
0.561600
0.561800
0.562000
0.562200
0.562400
0.562600
0.562800
0.563000
0.563200
0.563400
0.563600
0.563800
0.564000
0.564200
0.564400
0.564600
0.564800
0.565000
0.565200
0.565400
0.565600
0.565800
0.566000
0.566400
0.566800
0.567200
0.567600
0.568000
0.568000
0.568000
0.568000
0.568000
0.568000
0.568200
0.568400
0.568600
0.568800
0.569000
0.569200
0.569400
0.569600
0.569800
0.570000
0.570200
0.570400
0.570600
0.570800
0.571000
0.571000
0.571000
0.571000
0.571000
0.571000
0.571200
0.571400
0.571600
0.571800
0.572000
0.572200
0.572400
0.572600
0.572800
0.573000
0.573000
0.573000
0.573000
0.573000
0.573000
0.573000
0.573000
0.573000
0.573000
0.573000
#END
#END
#END
