400 0
401 0
402 0
403 0
404 0
405 0
406 0
407 0
408 0
409 0
410 0
411 0
412 0
413 0
414 0
415 0
416 0
417 0
418 0
419 0
420 0.00050149
421 0.00050149
422 0.00050149
423 0.00050149
424 0.00050149
425 0.00050149
426 0.00050149
427 0.00017934
428 0.00034826
429 0.00098582
430 0.0024512
431 0.0039843
432 0.0062189
433 0.0083384
434 0.010437
435 0.012049
436 0.014126
437 0.015817
438 0.017581
439 0.019791
440 0.021966
441 0.025506
442 0.030916
443 0.036707
444 0.042496
445 0.048184
446 0.054648
447 0.062274
448 0.070061
449 0.07842
450 0.086525
451 0.10041
452 0.11616
453 0.13076
454 0.14559
455 0.16183
456 0.18645
457 0.21192
458 0.23761
459 0.26578
460 0.29286
461 0.31576
462 0.33904
463 0.36274
464 0.38305
465 0.40387
466 0.39468
467 0.38239
468 0.37054
469 0.35875
470 0.3449
471 0.32306
472 0.29308
473 0.26561
474 0.23769
475 0.21077
476 0.18631
477 0.16564
478 0.14287
479 0.12297
480 0.10443
481 0.093094
482 0.083963
483 0.075642
484 0.067952
485 0.060268
486 0.055932
487 0.05223
488 0.049064
489 0.046329
490 0.043764
491 0.041591
492 0.039457
493 0.037324
494 0.035416
495 0.034058
496 0.033752
497 0.034203
498 0.035446
499 0.036749
500 0.037778
501 0.039393
502 0.041309
503 0.043117
504 0.045037
505 0.04717
506 0.050349
507 0.054436
508 0.058024
509 0.061992
510 0.066314
511 0.072694
512 0.079834
513 0.087523
514 0.095206
515 0.10412
516 0.11397
517 0.12483
518 0.13678
519 0.14913
520 0.16176
521 0.17619
522 0.19435
523 0.21113
524 0.22798
525 0.24476
526 0.2655
527 0.28646
528 0.30818
529 0.33272
530 0.35454
531 0.37275
532 0.39502
533 0.41281
534 0.43279
535 0.45202
536 0.45789
537 0.46019
538 0.4627
539 0.46526
540 0.46536
541 0.45628
542 0.44235
543 0.42761
544 0.4116
545 0.39752
546 0.377
547 0.35323
548 0.32808
549 0.30356
550 0.27833
551 0.25748
552 0.23727
553 0.21828
554 0.20068
555 0.18193
556 0.16659
557 0.15415
558 0.14298
559 0.13135
560 0.12169
561 0.11272
562 0.10602
563 0.09883
564 0.091413
565 0.085648
566 0.081482
567 0.078779
568 0.076414
569 0.074723
570 0.07366
571 0.07366
572 0.075562
573 0.07776
574 0.079782
575 0.082986
576 0.087029
577 0.092315
578 0.098197
579 0.1035
580 0.11011
581 0.11946
582 0.13111
583 0.14348
584 0.15629
585 0.16882
586 0.18687
587 0.21788
588 0.24949
589 0.27966
590 0.3076
591 0.36218
592 0.41147
593 0.47119
594 0.53219
595 0.58232
596 0.64156
597 0.71364
598 0.78438
599 0.85265
600 0.92093
601 0.95929
602 0.96883
603 0.98001
604 0.98789
605 0.99638
606 0.94899
607 0.88444
608 0.8249
609 0.7523
610 0.69483
611 0.63484
612 0.57069
613 0.50724
614 0.45058
615 0.38031
616 0.33452
617 0.30124
618 0.26887
619 0.23484
620 0.20424
621 0.1772
622 0.158
623 0.14047
624 0.12153
625 0.10439
626 0.093878
627 0.084724
628 0.075461
629 0.066155
630 0.058162
631 0.050476
632 0.043496
633 0.037583
634 0.031671
635 0.02625
636 0.021371
637 0.01838
638 0.015255
639 0.011897
640 0.0093361
641 0.0070277
642 0.0058454
643 0.0050389
644 0.0038893
645 0.0026744
646 0.0018347
647 0.001033
648 0.00070039
649 0.00036776
650 0.00027108
651 0.00027108
652 0
653 0
654 0
655 0
656 0
657 0
658 0
659 0
660 0
661 0
662 0
663 0
664 0
665 0
666 0
667 0
668 0
669 0
670 0
671 0
672 0
673 0
674 0
675 0
676 0
677 0
678 0
679 0
680 0
681 0
682 0
683 0
684 0
685 0
686 0
687 0
688 0
689 0
690 0
691 0
692 0
693 0
694 0
695 0
696 0
697 0
698 0
699 0
700 0
