400 0
401 0
402 0
403 0
404 0
405 0
406 0
407 0
408 0
409 0
410 0
411 0
412 0
413 0
414 0
415 0
416 0
417 0
418 0
419 0
420 0.025026
421 0.025026
422 0.025026
423 0.025448
424 0.029064
425 0.033885
426 0.03949
427 0.04739
428 0.061403
429 0.082306
430 0.10433
431 0.12809
432 0.15744
433 0.19726
434 0.24233
435 0.29234
436 0.34434
437 0.39936
438 0.45835
439 0.52784
440 0.61934
441 0.72089
442 0.8271
443 0.9487
444 1.0656
445 1.214
446 1.372
447 1.6223
448 1.8575
449 2.0911
450 2.3008
451 2.5123
452 2.7015
453 2.8714
454 2.995
455 3.2371
456 3.2922
457 3.3094
458 3.3048
459 3.2897
460 3.2581
461 3.158
462 2.9915
463 2.8284
464 2.6881
465 2.5391
466 2.3852
467 2.2198
468 2.0981
469 1.9692
470 1.8348
471 1.7047
472 1.5158
473 1.413
474 1.2828
475 1.1662
476 1.0804
477 1.0103
478 0.94943
479 0.88634
480 0.82443
481 0.76936
482 0.71691
483 0.66195
484 0.60822
485 0.56126
486 0.51957
487 0.49321
488 0.47627
489 0.46239
490 0.44683
491 0.42851
492 0.41676
493 0.41734
494 0.42205
495 0.42991
496 0.44412
497 0.46194
498 0.48627
499 0.51478
500 0.54676
501 0.58577
502 0.63848
503 0.6953
504 0.75338
505 0.81263
506 0.87933
507 0.97972
508 1.0848
509 1.2096
510 1.3371
511 1.4428
512 1.5555
513 1.6966
514 1.8125
515 1.978
516 2.0982
517 2.2905
518 2.4591
519 2.6524
520 2.8301
521 2.9984
522 3.1425
523 3.2912
524 3.4481
525 3.562
526 3.6334
527 3.6823
528 3.7227
529 3.761
530 3.7899
531 3.7995
532 3.7439
533 3.672
534 3.6018
535 3.5233
536 3.4354
537 3.3404
538 3.2357
539 3.1212
540 3.0224
541 2.9245
542 2.8148
543 2.6688
544 2.5367
545 2.4085
546 2.29
547 2.1844
548 2.0849
549 1.9903
550 1.8996
551 1.8087
552 1.7167
553 1.6212
554 1.5192
555 1.4134
556 1.3363
557 1.2775
558 1.21
559 1.1448
560 1.0884
561 1.0386
562 0.99636
563 0.95701
564 0.91084
565 0.86991
566 0.85503
567 0.84685
568 0.84619
569 0.84619
570 0.84906
571 0.86998
572 0.90057
573 0.94567
574 0.99881
575 1.0465
576 1.1133
577 1.2337
578 1.3872
579 1.4858
580 1.6212
581 1.8168
582 2.0753
583 2.2694
584 2.4783
585 2.7557
586 3.0171
587 3.263
588 3.5737
589 3.8784
590 4.1597
591 4.155
592 3.903
593 3.7124
594 3.506
595 3.2162
596 2.9166
597 2.6074
598 2.3315
599 2.0442
600 1.7657
601 1.4599
602 1.3338
603 1.2396
604 1.1518
605 1.0816
606 1.0352
607 1.0295
608 1.0267
609 1.0262
610 1.0291
611 1.0372
612 1.0871
613 1.1611
614 1.2613
615 1.357
616 1.4593
617 1.5741
618 1.7267
619 1.8597
620 2.018
621 2.2248
622 2.4238
623 2.6606
624 2.9014
625 3.1422
626 3.3962
627 3.8226
628 4.3544
629 4.6894
630 5.1313
631 5.5981
632 5.9223
633 6.3758
634 6.6566
635 7.071
636 7.3113
637 7.3482
638 7.2156
639 7.0897
640 6.952
641 6.7106
642 5.8995
643 5.1343
644 4.2992
645 3.6904
646 3.1167
647 2.7268
648 2.3638
649 2.0652
650 1.6859
651 1.3636
652 1.1629
653 0.99099
654 0.8197
655 0.6483
656 0.5592
657 0.50147
658 0.44777
659 0.39504
660 0.34703
661 0.30462
662 0.26632
663 0.22728
664 0.17962
665 0.133
666 0.10677
667 0.094322
668 0.084965
669 0.074312
670 0.062845
671 0.051782
672 0.042025
673 0.033574
674 0.026625
675 0.022537
676 0.019287
677 0.0174
678 0
679 0
680 0
681 0
682 0
683 0
684 0
685 0
686 0
687 0
688 0
689 0
690 0
691 0
692 0
693 0
694 0
695 0
696 0
697 0
698 0
699 0
700 0
