400 0
401 0
402 0
403 0
404 0
405 0
406 0
407 0
408 0
409 0
410 0
411 0
412 0
413 0
414 0
415 0.02509
416 0.02509
417 0.02509
418 0.02509
419 0.02509
420 0.02509
421 0.025798
422 0.029454
423 0.033912
424 0.038543
425 0.045106
426 0.058463
427 0.08438
428 0.10929
429 0.13407
430 0.1608
431 0.18961
432 0.22101
433 0.25629
434 0.29671
435 0.34565
436 0.40836
437 0.47828
438 0.55599
439 0.64102
440 0.7283
441 0.85347
442 1.002
443 1.1263
444 1.271
445 1.4077
446 1.5898
447 1.786
448 2.1139
449 2.4126
450 2.6438
451 2.9072
452 3.0931
453 3.3178
454 3.503
455 3.7036
456 3.8899
457 3.9045
458 3.9118
459 3.9136
460 3.9064
461 3.8488
462 3.6605
463 3.5026
464 3.2676
465 3.0974
466 2.9443
467 2.7574
468 2.5653
469 2.3798
470 2.2132
471 2.0384
472 1.8477
473 1.6888
474 1.5352
475 1.4021
476 1.2905
477 1.2158
478 1.1508
479 1.0602
480 0.9787
481 0.91911
482 0.85451
483 0.78341
484 0.71804
485 0.65722
486 0.61331
487 0.57977
488 0.55253
489 0.53068
490 0.50982
491 0.49326
492 0.48763
493 0.48763
494 0.48763
495 0.48985
496 0.49611
497 0.50534
498 0.52716
499 0.56042
500 0.60758
501 0.66526
502 0.7179
503 0.77308
504 0.83332
505 0.90139
506 0.97955
507 1.0859
508 1.2153
509 1.352
510 1.476
511 1.6088
512 1.7739
513 1.8905
514 2.0723
515 2.1806
516 2.3362
517 2.5216
518 2.7407
519 2.9362
520 3.0988
521 3.3384
522 3.498
523 3.6334
524 3.7875
525 3.9269
526 4.0109
527 4.0701
528 4.123
529 4.1695
530 4.2221
531 4.2411
532 4.1981
533 4.1324
534 4.0702
535 3.9975
536 3.9125
537 3.8057
538 3.6741
539 3.547
540 3.4364
541 3.3094
542 3.1553
543 3
544 2.8661
545 2.7285
546 2.5808
547 2.4815
548 2.3689
549 2.2524
550 2.1513
551 2.0447
552 1.9411
553 1.8454
554 1.7288
555 1.6459
556 1.5738
557 1.4847
558 1.3988
559 1.321
560 1.2559
561 1.199
562 1.149
563 1.1022
564 1.0564
565 1.0208
566 0.99002
567 0.97381
568 0.9813
569 1.0022
570 1.0286
571 1.0641
572 1.1125
573 1.1775
574 1.2411
575 1.3151
576 1.4147
577 1.559
578 1.7737
579 1.9768
580 2.2004
581 2.4236
582 2.6665
583 3.081
584 3.4357
585 3.7738
586 4.1853
587 4.6282
588 4.9431
589 5.3616
590 5.7751
591 6.0616
592 5.8241
593 5.4715
594 5.1473
595 4.8316
596 4.5067
597 4.005
598 3.5536
599 3.1313
600 2.6724
601 2.1923
602 1.8758
603 1.7013
604 1.5402
605 1.4028
606 1.3067
607 1.2571
608 1.2287
609 1.2025
610 1.1766
611 1.1728
612 1.2117
613 1.2706
614 1.3284
615 1.398
616 1.4827
617 1.6068
618 1.7843
619 1.9387
620 2.0713
621 2.2404
622 2.5078
623 2.7319
624 2.9551
625 3.1623
626 3.3836
627 3.7837
628 4.1867
629 4.7337
630 5.1536
631 5.6015
632 6.0234
633 6.3916
634 6.752
635 7.1464
636 7.414
637 7.3869
638 7.1887
639 6.9889
640 6.8483
641 6.5482
642 5.8672
643 5.1668
644 4.54
645 3.7186
646 3.0739
647 2.7945
648 2.4718
649 2.0276
650 1.6867
651 1.3605
652 1.1766
653 1.05
654 0.88093
655 0.7033
656 0.57587
657 0.52298
658 0.48129
659 0.43054
660 0.37901
661 0.32836
662 0.2766
663 0.22561
664 0.18569
665 0.15624
666 0.13225
667 0.11277
668 0.097151
669 0.083683
670 0.070636
671 0.0589
672 0.049879
673 0.043909
674 0.039253
675 0.035381
676 0.03183
677 0.028606
678 0.025841
679 0
680 0
681 0
682 0
683 0
684 0
685 0
686 0
687 0
688 0
689 0
690 0
691 0
692 0
693 0
694 0
695 0
696 0
697 0
698 0
699 0
700 0
