400 0
401 0
402 0
403 0
404 0
405 0
406 0
407 0
408 0
409 0
410 0
411 0
412 0
413 0
414 0
415 0
416 0
417 0
418 0
419 0.01568
420 0.01568
421 0.01568
422 0.019119
423 0.033942
424 0.04486
425 0.050906
426 0.058291
427 0.073898
428 0.094296
429 0.11087
430 0.12966
431 0.1622
432 0.21296
433 0.27373
434 0.34313
435 0.41759
436 0.51171
437 0.58509
438 0.68533
439 0.78298
440 0.90213
441 1.0368
442 1.1589
443 1.2807
444 1.4138
445 1.5908
446 1.8544
447 2.1685
448 2.4972
449 2.7859
450 3.0122
451 3.2116
452 3.4444
453 3.6406
454 3.8817
455 4.0103
456 4.0419
457 4.0488
458 4.0488
459 4.0441
460 3.9814
461 3.7846
462 3.5786
463 3.4057
464 3.2039
465 3.0393
466 2.9007
467 2.6608
468 2.4612
469 2.3312
470 2.1186
471 1.9758
472 1.8478
473 1.6182
474 1.4966
475 1.3651
476 1.257
477 1.1933
478 1.0958
479 1.0081
480 0.93948
481 0.86963
482 0.79401
483 0.71763
484 0.65687
485 0.60534
486 0.5616
487 0.52584
488 0.49919
489 0.47983
490 0.4699
491 0.4627
492 0.45993
493 0.45993
494 0.45993
495 0.45993
496 0.45993
497 0.47352
498 0.49941
499 0.52811
500 0.56446
501 0.61626
502 0.67426
503 0.73382
504 0.79798
505 0.86979
506 0.96396
507 1.0674
508 1.1709
509 1.2849
510 1.4113
511 1.5328
512 1.6681
513 1.7949
514 1.9222
515 2.0609
516 2.2151
517 2.3893
518 2.6777
519 2.8369
520 3.009
521 3.179
522 3.3056
523 3.4456
524 3.5293
525 3.5931
526 3.6511
527 3.7084
528 3.7571
529 3.7958
530 3.8379
531 3.795
532 3.697
533 3.6278
534 3.5496
535 3.451
536 3.3671
537 3.2778
538 3.1765
539 3.0769
540 2.9804
541 2.8619
542 2.7315
543 2.6051
544 2.4522
545 2.3279
546 2.2368
547 2.1175
548 2.0286
549 1.9347
550 1.85
551 1.7706
552 1.6877
553 1.5902
554 1.4906
555 1.4088
556 1.3328
557 1.2586
558 1.1784
559 1.1183
560 1.0735
561 1.0416
562 1.0174
563 0.99428
564 0.96327
565 0.93964
566 0.95118
567 0.98627
568 1.0256
569 1.0688
570 1.1234
571 1.1995
572 1.3023
573 1.4315
574 1.5429
575 1.6655
576 1.8403
577 2.1378
578 2.4493
579 2.7079
580 2.9886
581 3.5128
582 3.9536
583 4.4654
584 4.8475
585 5.3892
586 5.8965
587 6.5856
588 7.2104
589 7.807
590 8.1218
591 7.9072
592 7.7132
593 7.4074
594 7.0204
595 6.7276
596 5.9794
597 5.2549
598 4.5923
599 3.8448
600 3.23
601 2.671
602 2.3499
603 1.9924
604 1.7612
605 1.4786
606 1.3611
607 1.2936
608 1.2155
609 1.1367
610 1.0741
611 1.0259
612 1.0209
613 1.0409
614 1.0681
615 1.1064
616 1.1561
617 1.2198
618 1.2953
619 1.3812
620 1.4749
621 1.6111
622 1.7686
623 1.9091
624 2.0588
625 2.2061
626 2.4113
627 2.7344
628 3.0494
629 3.2924
630 3.5962
631 3.8369
632 4.0534
633 4.3124
634 4.4955
635 4.7313
636 4.702
637 4.5362
638 4.3958
639 4.2131
640 3.9946
641 3.647
642 3.162
643 2.574
644 2.0816
645 1.7866
646 1.6117
647 1.3639
648 1.2313
649 1.0339
650 0.84816
651 0.70697
652 0.59093
653 0.49748
654 0.42309
655 0.35497
656 0.30234
657 0.27622
658 0.25502
659 0.22721
660 0.19657
661 0.16494
662 0.13169
663 0.10291
664 0.077692
665 0.063439
666 0.055752
667 0.04863
668 0.039519
669 0.033406
670 0.0331
671 0.0331
672 0
673 0
674 0
675 0
676 0
677 0
678 0
679 0
680 0
681 0
682 0
683 0
684 0
685 0
686 0
687 0
688 0
689 0
690 0
691 0
692 0
693 0
694 0
695 0
696 0
697 0
698 0
699 0
700 0
