400 0
401 0
402 0
403 0
404 0
405 0
406 0
407 0
408 0
409 0
410 0
411 0
412 0
413 0
414 0
415 0
416 0
417 0
418 0.020957
419 0.020957
420 0.020957
421 0.020957
422 0.020957
423 0.0213
424 0.025119
425 0.030571
426 0.037424
427 0.046867
428 0.061452
429 0.080734
430 0.10198
431 0.12713
432 0.15905
433 0.20166
434 0.24825
435 0.29962
436 0.35656
437 0.41755
438 0.47542
439 0.54056
440 0.61956
441 0.71438
442 0.82796
443 0.93997
444 1.0499
445 1.1829
446 1.3427
447 1.5905
448 1.8195
449 2.0965
450 2.3495
451 2.5298
452 2.699
453 2.8631
454 3.0191
455 3.1972
456 3.313
457 3.313
458 3.313
459 3.3106
460 3.2977
461 3.1791
462 3.0138
463 2.86
464 2.7038
465 2.5287
466 2.3882
467 2.2295
468 2.0959
469 1.9467
470 1.8036
471 1.6845
472 1.5352
473 1.4125
474 1.2739
475 1.1473
476 1.0545
477 0.98657
478 0.91925
479 0.84911
480 0.78383
481 0.72285
482 0.67114
483 0.62718
484 0.58645
485 0.54727
486 0.51202
487 0.4828
488 0.45593
489 0.42247
490 0.39644
491 0.39049
492 0.38778
493 0.38771
494 0.38771
495 0.3912
496 0.40638
497 0.42772
498 0.46009
499 0.49152
500 0.52507
501 0.57528
502 0.63502
503 0.69881
504 0.7655
505 0.83353
506 0.91552
507 1.015
508 1.1288
509 1.2496
510 1.3766
511 1.4948
512 1.6561
513 1.7752
514 1.9041
515 2.0463
516 2.1886
517 2.3629
518 2.5636
519 2.7565
520 2.9436
521 3.1297
522 3.298
523 3.4302
524 3.5763
525 3.686
526 3.7436
527 3.8013
528 3.8637
529 3.9154
530 3.9597
531 3.9612
532 3.9155
533 3.8535
534 3.7998
535 3.7397
536 3.6443
537 3.5274
538 3.4311
539 3.3287
540 3.2171
541 3.0846
542 2.9412
543 2.7971
544 2.6762
545 2.5534
546 2.4282
547 2.3119
548 2.2106
549 2.1182
550 2.0019
551 1.8847
552 1.7772
553 1.6843
554 1.5968
555 1.5095
556 1.4237
557 1.3391
558 1.2531
559 1.1697
560 1.089
561 1.0263
562 0.98571
563 0.95244
564 0.9201
565 0.89028
566 0.86232
567 0.83028
568 0.80825
569 0.80685
570 0.80685
571 0.81127
572 0.83732
573 0.87347
574 0.91811
575 0.97356
576 1.0279
577 1.0962
578 1.2065
579 1.3022
580 1.4148
581 1.6112
582 1.8069
583 1.9892
584 2.1738
585 2.3749
586 2.588
587 2.7968
588 3.0246
589 3.3057
590 3.4963
591 3.6204
592 3.37
593 3.1784
594 2.9023
595 2.6442
596 2.4514
597 2.1513
598 1.9249
599 1.7159
600 1.4961
601 1.3267
602 1.1729
603 1.101
604 1.0511
605 1.0036
606 0.969
607 0.96981
608 0.99779
609 1.0208
610 1.0424
611 1.0862
612 1.1802
613 1.2692
614 1.3631
615 1.4702
616 1.608
617 1.7555
618 1.9261
619 2.1334
620 2.2928
621 2.4521
622 2.6956
623 2.9847
624 3.2395
625 3.439
626 3.7303
627 4.0972
628 4.6835
629 5.2026
630 5.7069
631 6.0963
632 6.5911
633 6.9694
634 7.4325
635 7.8815
636 8.2007
637 8.1722
638 8.1009
639 8.0319
640 7.9322
641 7.5955
642 6.8258
643 5.7962
644 4.9014
645 4.2451
646 3.6605
647 3.2995
648 2.8663
649 2.4318
650 2.0522
651 1.6991
652 1.3818
653 1.1939
654 0.97131
655 0.73866
656 0.65674
657 0.60271
658 0.53038
659 0.44427
660 0.3769
661 0.32419
662 0.27664
663 0.22705
664 0.17454
665 0.13685
666 0.11174
667 0.091847
668 0.075391
669 0.060757
670 0.048154
671 0.03878
672 0.031657
673 0.025464
674 0.021592
675 0.020957
676 0.020957
677 0.020957
678 0
679 0
680 0
681 0
682 0
683 0
684 0
685 0
686 0
687 0
688 0
689 0
690 0
691 0
692 0
693 0
694 0
695 0
696 0
697 0
698 0
699 0
700 0
