400 0
401 0
402 0
403 0
404 0
405 0
406 0
407 0
408 0
409 0
410 0
411 0
412 0
413 0
414 0
415 0
416 0
417 0
418 0
419 0
420 0
421 0
422 0.021128
423 0.029718
424 0.038308
425 0.046021
426 0.053099
427 0.061074
428 0.076111
429 0.091149
430 0.11014
431 0.13019
432 0.15024
433 0.2
434 0.26015
435 0.31171
436 0.36326
437 0.44637
438 0.53058
439 0.61621
440 0.72313
441 0.83448
442 0.95173
443 1.0759
444 1.2174
445 1.3798
446 1.5439
447 1.8054
448 2.0331
449 2.334
450 2.5891
451 2.8218
452 3.0305
453 3.2229
454 3.4007
455 3.6095
456 3.7415
457 3.7841
458 3.7916
459 3.7935
460 3.7835
461 3.7001
462 3.5217
463 3.3112
464 3.1307
465 2.9382
466 2.7683
467 2.6202
468 2.4676
469 2.3016
470 2.1364
471 2.0094
472 1.8149
473 1.6545
474 1.484
475 1.3479
476 1.2327
477 1.1585
478 1.089
479 1.0015
480 0.92525
481 0.86511
482 0.80537
483 0.74985
484 0.69491
485 0.64229
486 0.58966
487 0.54805
488 0.50795
489 0.47137
490 0.43629
491 0.4171
492 0.39993
493 0.39993
494 0.39993
495 0.40309
496 0.40663
497 0.42233
498 0.45441
499 0.4888
500 0.53015
501 0.5715
502 0.61434
503 0.6573
504 0.7041
505 0.75136
506 0.83042
507 0.92118
508 1.0214
509 1.127
510 1.2325
511 1.3277
512 1.4322
513 1.547
514 1.6579
515 1.7745
516 1.9324
517 2.1122
518 2.2996
519 2.4955
520 2.6537
521 2.7944
522 2.9287
523 3.0597
524 3.1532
525 3.249
526 3.3276
527 3.3785
528 3.4219
529 3.4576
530 3.4849
531 3.4788
532 3.4325
533 3.3761
534 3.312
535 3.2458
536 3.1764
537 3.0897
538 2.9858
539 2.8838
540 2.7819
541 2.6725
542 2.5565
543 2.4312
544 2.3161
545 2.2058
546 2.1143
547 2.0241
548 1.9363
549 1.8501
550 1.7668
551 1.6756
552 1.5734
553 1.4994
554 1.4263
555 1.3398
556 1.2586
557 1.1899
558 1.1238
559 1.0636
560 1.0204
561 0.99036
562 0.96077
563 0.9327
564 0.90531
565 0.88813
566 0.87271
567 0.91406
568 0.95542
569 1.0178
570 1.091
571 1.1812
572 1.2768
573 1.3759
574 1.4841
575 1.5997
576 1.756
577 2.0404
578 2.2385
579 2.5433
580 2.8713
581 3.1695
582 3.6807
583 4.3331
584 4.7864
585 5.3459
586 5.8443
587 6.4013
588 6.8962
589 7.5143
590 7.9785
591 8.094
592 7.8713
593 7.6673
594 7.4281
595 7.1593
596 6.4954
597 5.812
598 5.0152
599 4.2953
600 3.5714
601 2.8604
602 2.5475
603 2.1348
604 1.8133
605 1.4796
606 1.3438
607 1.2559
608 1.1727
609 1.091
610 1.0108
611 0.97215
612 0.93832
613 0.90473
614 0.8802
615 0.8802
616 0.91457
617 0.98018
618 1.0296
619 1.0777
620 1.1512
621 1.2374
622 1.3467
623 1.4555
624 1.5656
625 1.6919
626 1.8622
627 2.0687
628 2.3135
629 2.5681
630 2.7478
631 2.9092
632 3.0705
633 3.2267
634 3.3943
635 3.5412
636 3.6151
637 3.448
638 3.3119
639 3.1584
640 2.978
641 2.7244
642 2.3832
643 2.0337
644 1.5997
645 1.3429
646 1.1898
647 1.058
648 0.9334
649 0.79472
650 0.6627
651 0.56554
652 0.472
653 0.38451
654 0.33302
655 0.29187
656 0.25081
657 0.21473
658 0.17864
659 0.15693
660 0.13793
661 0.11908
662 0.1019
663 0.084969
664 0.072943
665 0.060916
666 0.049811
667 0.044081
668 0.038351
669 0.032789
670 0.02878
671 0.024771
672 0.020195
673 0
674 0
675 0
676 0
677 0
678 0
679 0
680 0
681 0
682 0
683 0
684 0
685 0
686 0
687 0
688 0
689 0
690 0
691 0
692 0
693 0
694 0
695 0
696 0
697 0
698 0
699 0
700 0
