400 0
401 0
402 0
403 0
404 0
405 0
406 0
407 0
408 0
409 0
410 0
411 0
412 0
413 0
414 0
415 0
416 0
417 0
418 0
419 0
420 0
421 0.010937
422 0.016656
423 0.022375
424 0.034842
425 0.047715
426 0.059127
427 0.070391
428 0.086748
429 0.10676
430 0.1255
431 0.14398
432 0.18154
433 0.22015
434 0.27376
435 0.32882
436 0.38389
437 0.44389
438 0.51282
439 0.59742
440 0.67083
441 0.78899
442 0.89423
443 1.0303
444 1.1588
445 1.2656
446 1.4028
447 1.6257
448 1.9446
449 2.1962
450 2.438
451 2.665
452 2.8511
453 3.0446
454 3.1933
455 3.356
456 3.4729
457 3.5144
458 3.5215
459 3.5135
460 3.497
461 3.437
462 3.2541
463 3.0747
464 2.9166
465 2.7519
466 2.5683
467 2.416
468 2.2667
469 2.1037
470 1.9724
471 1.8498
472 1.679
473 1.5171
474 1.3606
475 1.2479
476 1.1629
477 1.0821
478 1.004
479 0.93658
480 0.86993
481 0.79985
482 0.73695
483 0.68117
484 0.62713
485 0.57508
486 0.52875
487 0.49671
488 0.46579
489 0.44433
490 0.42389
491 0.41682
492 0.40976
493 0.40452
494 0.40051
495 0.40113
496 0.4082
497 0.41527
498 0.43696
499 0.45949
500 0.48874
501 0.52211
502 0.55552
503 0.60272
504 0.64991
505 0.71404
506 0.77981
507 0.85836
508 0.9372
509 1.0173
510 1.1092
511 1.2178
512 1.3334
513 1.4406
514 1.5614
515 1.6892
516 1.8026
517 1.9341
518 2.0841
519 2.2246
520 2.3658
521 2.5116
522 2.6401
523 2.7527
524 2.8621
525 2.9582
526 3.0108
527 3.0483
528 3.0848
529 3.1199
530 3.1556
531 3.1696
532 3.1053
533 3.0399
534 2.9698
535 2.8985
536 2.8255
537 2.7503
538 2.6718
539 2.5887
540 2.5013
541 2.4161
542 2.3281
543 2.226
544 2.0925
545 1.9913
546 1.9086
547 1.8185
548 1.7313
549 1.6494
550 1.5613
551 1.4714
552 1.4028
553 1.3342
554 1.2697
555 1.2053
556 1.145
557 1.085
558 1.0482
559 1.0139
560 0.97868
561 0.94335
562 0.91253
563 0.8885
564 0.86504
565 0.84359
566 0.83293
567 0.87047
568 0.90801
569 0.97171
570 1.0398
571 1.1212
572 1.209
573 1.3179
574 1.4302
575 1.5323
576 1.7064
577 1.9498
578 2.2153
579 2.5217
580 2.802
581 3.2168
582 3.6426
583 4.1562
584 4.6435
585 5.1786
586 5.6926
587 6.3245
588 6.9069
589 7.4663
590 7.9905
591 8.1104
592 7.9466
593 7.779
594 7.578
595 7.306
596 6.8333
597 6.0513
598 5.2364
599 4.4026
600 3.6735
601 3.028
602 2.5624
603 2.2151
604 1.8883
605 1.5181
606 1.3314
607 1.2285
608 1.1259
609 1.0243
610 0.93177
611 0.85169
612 0.78332
613 0.75128
614 0.72019
615 0.70302
616 0.68727
617 0.72064
618 0.75401
619 0.794
620 0.84346
621 0.89293
622 0.97801
623 1.0646
624 1.1497
625 1.2437
626 1.3438
627 1.5249
628 1.6676
629 1.8207
630 1.9488
631 2.0638
632 2.1839
633 2.289
634 2.3841
635 2.4773
636 2.5265
637 2.4492
638 2.364
639 2.2505
640 2.1066
641 1.9305
642 1.6933
643 1.4358
644 1.1451
645 0.94482
646 0.83581
647 0.73121
648 0.61108
649 0.53374
650 0.47034
651 0.40781
652 0.35075
653 0.29368
654 0.24254
655 0.2112
656 0.17986
657 0.14852
658 0.12254
659 0.097251
660 0.074452
661 0.069227
662 0.064002
663 0.058777
664 0.053555
665 0.048333
666 0.043111
667 0.04017
668 0.04017
669 0.04017
670 0.039328
671 0.035795
672 0.032263
673 0.025295
674 0.017284
675 0
676 0
677 0
678 0
679 0
680 0
681 0
682 0
683 0
684 0
685 0
686 0
687 0
688 0
689 0
690 0
691 0
692 0
693 0
694 0
695 0
696 0
697 0
698 0
699 0
700 0
