400 0
401 0
402 0
403 0
404 0
405 0
406 0
407 0
408 0
409 0
410 0
411 0
412 0
413 0
414 0
415 0
416 0
417 0
418 0
419 0.029565
420 0.032208
421 0.035102
422 0.038115
423 0.041225
424 0.045539
425 0.053632
426 0.064518
427 0.077836
428 0.092976
429 0.10851
430 0.12778
431 0.15781
432 0.19857
433 0.24279
434 0.29195
435 0.34295
436 0.40348
437 0.48721
438 0.58324
439 0.68325
440 0.78602
441 0.9245
442 1.0616
443 1.1962
444 1.3352
445 1.5052
446 1.6881
447 2.0074
448 2.3397
449 2.605
450 2.8807
451 3.0525
452 3.2493
453 3.459
454 3.6419
455 3.8222
456 3.9236
457 3.9288
458 3.9303
459 3.9289
460 3.9236
461 3.8099
462 3.6056
463 3.3862
464 3.216
465 3.0332
466 2.8645
467 2.6998
468 2.5178
469 2.3378
470 2.1578
471 1.9735
472 1.8337
473 1.6857
474 1.4935
475 1.3505
476 1.2538
477 1.1637
478 1.0788
479 1.004
480 0.93339
481 0.86263
482 0.79608
483 0.73539
484 0.68059
485 0.63484
486 0.5951
487 0.56251
488 0.53402
489 0.51033
490 0.4946
491 0.48227
492 0.47385
493 0.47226
494 0.47387
495 0.47712
496 0.48227
497 0.50584
498 0.54702
499 0.5935
500 0.64666
501 0.71019
502 0.77475
503 0.84054
504 0.91433
505 0.99901
506 1.095
507 1.2074
508 1.3342
509 1.4734
510 1.605
511 1.7351
512 1.8843
513 2.0417
514 2.2022
515 2.3584
516 2.5379
517 2.7481
518 2.9563
519 3.1635
520 3.3666
521 3.5488
522 3.7223
523 3.9448
524 4.0986
525 4.2048
526 4.2776
527 4.3275
528 4.3673
529 4.4083
530 4.4353
531 4.4133
532 4.3548
533 4.2865
534 4.211
535 4.1183
536 4.007
537 3.8759
538 3.7393
539 3.6066
540 3.4848
541 3.3564
542 3.2179
543 3.0569
544 2.894
545 2.7779
546 2.6641
547 2.5293
548 2.414
549 2.3112
550 2.1927
551 2.0654
552 1.9389
553 1.8139
554 1.7011
555 1.6125
556 1.5211
557 1.4262
558 1.3503
559 1.2868
560 1.2337
561 1.1895
562 1.1457
563 1.0941
564 1.0587
565 1.0385
566 1.0284
567 1.0233
568 1.0209
569 1.0253
570 1.0382
571 1.0857
572 1.1477
573 1.1987
574 1.2617
575 1.3588
576 1.4908
577 1.6527
578 1.8223
579 2.0045
580 2.1999
581 2.5134
582 2.8067
583 3.1466
584 3.483
585 3.7977
586 4.2463
587 4.6134
588 4.9762
589 5.2286
590 5.5572
591 5.3606
592 5.0792
593 4.7621
594 4.3972
595 4.0619
596 3.6286
597 3.1966
598 2.7202
599 2.4454
600 2.0272
601 1.7572
602 1.6311
603 1.4737
604 1.3373
605 1.2615
606 1.2436
607 1.233
608 1.23
609 1.2333
610 1.2416
611 1.263
612 1.3349
613 1.4165
614 1.4943
615 1.6022
616 1.752
617 1.9416
618 2.1418
619 2.3052
620 2.4963
621 2.7142
622 2.9362
623 3.1867
624 3.4483
625 3.7095
626 4.0185
627 4.6411
628 5.0785
629 5.6071
630 6.1625
631 6.6388
632 7.0029
633 7.4289
634 7.8211
635 8.1549
636 8.2131
637 8.0612
638 7.9205
639 7.7583
640 7.3503
641 6.7292
642 5.4838
643 4.9905
644 4.0255
645 3.4782
646 3.0763
647 2.6903
648 2.3136
649 1.9307
650 1.5469
651 1.3113
652 1.1184
653 0.91554
654 0.75824
655 0.64889
656 0.57169
657 0.51822
658 0.46439
659 0.40832
660 0.35207
661 0.29395
662 0.24314
663 0.19898
664 0.16563
665 0.14413
666 0.12704
667 0.1092
668 0.089164
669 0.070937
670 0.05831
671 0.048554
672 0.040898
673 0.035682
674 0.031526
675 0.028585
676 0.027875
677 0.027875
678 0.027875
679 0
680 0
681 0
682 0
683 0
684 0
685 0
686 0
687 0
688 0
689 0
690 0
691 0
692 0
693 0
694 0
695 0
696 0
697 0
698 0
699 0
700 0
