400 0
401 0
402 0
403 0
404 0
405 0
406 0
407 0
408 0
409 0
410 0
411 0
412 0
413 0
414 0
415 0
416 0
417 0
418 0.01576
419 0.01576
420 0.01576
421 0.016224
422 0.020756
423 0.027752
424 0.034299
425 0.039711
426 0.045943
427 0.05545
428 0.071842
429 0.089545
430 0.10577
431 0.12303
432 0.14397
433 0.17224
434 0.2091
435 0.25305
436 0.30891
437 0.37184
438 0.44316
439 0.52281
440 0.61131
441 0.70804
442 0.8132
443 0.92056
444 1.0268
445 1.1326
446 1.2728
447 1.4827
448 1.6955
449 1.9241
450 2.1659
451 2.3604
452 2.554
453 2.7221
454 2.8791
455 3.0503
456 3.1322
457 3.1715
458 3.1835
459 3.1555
460 3.104
461 2.999
462 2.8872
463 2.7114
464 2.5543
465 2.4334
466 2.2894
467 2.1491
468 2.0308
469 1.9144
470 1.7684
471 1.6422
472 1.4797
473 1.3341
474 1.2043
475 1.0992
476 1.0192
477 0.95328
478 0.89975
479 0.84217
480 0.76493
481 0.69734
482 0.65318
483 0.60993
484 0.54363
485 0.48125
486 0.45247
487 0.43217
488 0.41524
489 0.3975
490 0.38499
491 0.3834
492 0.3834
493 0.3834
494 0.38395
495 0.38805
496 0.39553
497 0.40926
498 0.44785
499 0.49295
500 0.53712
501 0.5874
502 0.64696
503 0.70945
504 0.77251
505 0.84486
506 0.92879
507 1.0071
508 1.0998
509 1.2098
510 1.3187
511 1.4284
512 1.5517
513 1.6949
514 1.836
515 1.9606
516 2.1155
517 2.2858
518 2.4658
519 2.6493
520 2.8301
521 2.9954
522 3.1601
523 3.2987
524 3.451
525 3.5713
526 3.6484
527 3.6988
528 3.7426
529 3.7998
530 3.8534
531 3.8623
532 3.803
533 3.7211
534 3.6613
535 3.6045
536 3.5145
537 3.4056
538 3.3235
539 3.2316
540 3.121
541 3.0268
542 2.9269
543 2.77
544 2.6309
545 2.497
546 2.3687
547 2.2667
548 2.1576
549 2.0436
550 1.9378
551 1.8343
552 1.7315
553 1.6355
554 1.5462
555 1.4602
556 1.3781
557 1.3017
558 1.2292
559 1.1579
560 1.0894
561 1.0213
562 0.96052
563 0.91311
564 0.87332
565 0.83905
566 0.80809
567 0.78266
568 0.76224
569 0.74574
570 0.74316
571 0.75163
572 0.76702
573 0.78672
574 0.8126
575 0.85422
576 0.90101
577 0.95549
578 1.0234
579 1.1164
580 1.2266
581 1.3635
582 1.5126
583 1.6806
584 1.8622
585 2.0219
586 2.1767
587 2.3288
588 2.5298
589 2.7078
590 2.8593
591 2.9408
592 2.7457
593 2.5495
594 2.3313
595 2.1446
596 1.9547
597 1.7835
598 1.6174
599 1.4058
600 1.2415
601 1.1187
602 1.038
603 0.97523
604 0.92884
605 0.89133
606 0.88507
607 0.90996
608 0.94746
609 0.98682
610 1.0354
611 1.0855
612 1.1419
613 1.225
614 1.3245
615 1.4173
616 1.5384
617 1.7193
618 1.8708
619 2.0429
620 2.234
621 2.4735
622 2.7207
623 2.9525
624 3.1978
625 3.4468
626 3.6819
627 4.0549
628 4.5945
629 5.0655
630 5.6077
631 6.3203
632 6.7053
633 7.0746
634 7.5134
635 7.9746
636 8.2598
637 8.2404
638 8.1879
639 8.1318
640 8.0734
641 7.8296
642 6.8437
643 6.0392
644 5.0836
645 4.3189
646 3.7251
647 3.2921
648 2.9816
649 2.5311
650 2.0506
651 1.6832
652 1.4251
653 1.2117
654 0.99622
655 0.78609
656 0.68129
657 0.60612
658 0.54703
659 0.49507
660 0.42148
661 0.33298
662 0.27332
663 0.22743
664 0.18771
665 0.15255
666 0.12469
667 0.10315
668 0.085593
669 0.069754
670 0.055508
671 0.044637
672 0.037926
673 0.032834
674 0.028772
675 0.02538
676 0.022333
677 0.019612
678 0.017343
679 0
680 0
681 0
682 0
683 0
684 0
685 0
686 0
687 0
688 0
689 0
690 0
691 0
692 0
693 0
694 0
695 0
696 0
697 0
698 0
699 0
700 0
