400 0
401 0
402 0
403 0
404 0
405 0
406 0
407 0
408 0
409 0
410 0
411 0
412 0
413 0
414 0
415 0
416 0
417 0
418 0
419 0
420 0
421 0.017857
422 0.023801
423 0.029086
424 0.033557
425 0.036839
426 0.041305
427 0.050265
428 0.064375
429 0.087594
430 0.11265
431 0.13388
432 0.16288
433 0.21522
434 0.26266
435 0.30872
436 0.36788
437 0.43197
438 0.49981
439 0.57839
440 0.67613
441 0.78607
442 0.9189
443 1.0862
444 1.2506
445 1.4066
446 1.5388
447 1.7867
448 2.0638
449 2.3662
450 2.6944
451 3.0114
452 3.2245
453 3.4852
454 3.6588
455 3.9604
456 4.0965
457 4.294
458 4.3138
459 4.3177
460 4.315
461 4.3079
462 4.2358
463 4.0562
464 3.7844
465 3.5956
466 3.3844
467 3.1873
468 2.9431
469 2.76
470 2.5799
471 2.3961
472 2.1994
473 2.0404
474 1.7957
475 1.6439
476 1.4973
477 1.368
478 1.2693
479 1.1982
480 1.1212
481 1.0344
482 0.96276
483 0.88858
484 0.79672
485 0.72597
486 0.67186
487 0.63116
488 0.60091
489 0.57262
490 0.54408
491 0.52034
492 0.50208
493 0.48674
494 0.47319
495 0.45926
496 0.45194
497 0.461
498 0.4822
499 0.50785
500 0.54288
501 0.58378
502 0.63474
503 0.69137
504 0.75309
505 0.81311
506 0.87642
507 0.99737
508 1.1387
509 1.2708
510 1.4025
511 1.5267
512 1.6623
513 1.8088
514 1.9639
515 2.0929
516 2.2623
517 2.4358
518 2.5816
519 2.8137
520 3.0522
521 3.2239
522 3.4135
523 3.598
524 3.8033
525 3.947
526 4.0483
527 4.1194
528 4.16
529 4.2056
530 4.2598
531 4.3038
532 4.2868
533 4.2093
534 4.1213
535 4.0451
536 3.9741
537 3.8603
538 3.7585
539 3.6556
540 3.5281
541 3.3974
542 3.2632
543 3.1084
544 2.9411
545 2.7629
546 2.6128
547 2.4983
548 2.3949
549 2.2919
550 2.1806
551 2.0653
552 1.9523
553 1.8463
554 1.7423
555 1.6379
556 1.5461
557 1.4668
558 1.3787
559 1.2953
560 1.2278
561 1.1748
562 1.1389
563 1.1052
564 1.0613
565 1.0279
566 1.0053
567 1.0099
568 1.0359
569 1.0692
570 1.1144
571 1.1714
572 1.2494
573 1.3607
574 1.4839
575 1.5974
576 1.7268
577 1.8944
578 2.2025
579 2.4883
580 2.7506
581 3.1417
582 3.5203
583 4.0747
584 4.5016
585 4.9686
586 5.5092
587 5.9529
588 6.6912
589 7.0872
590 7.7967
591 8.2244
592 7.9527
593 7.5655
594 7.2532
595 6.9168
596 6.5758
597 5.6626
598 5.192
599 4.4068
600 3.6814
601 2.9733
602 2.408
603 2.1478
604 1.9143
605 1.6752
606 1.4704
607 1.373
608 1.3194
609 1.275
610 1.2153
611 1.1509
612 1.1365
613 1.1627
614 1.2012
615 1.2408
616 1.2921
617 1.3669
618 1.4927
619 1.6471
620 1.7899
621 1.9347
622 2.0872
623 2.2785
624 2.4934
625 2.6638
626 2.9074
627 3.2148
628 3.6152
629 3.9661
630 4.3747
631 4.7876
632 5.0475
633 5.3015
634 5.5799
635 5.8523
636 6.1351
637 6.0647
638 5.8095
639 5.6258
640 5.4096
641 5.0024
642 4.4279
643 3.9078
644 3.1676
645 2.5502
646 2.2347
647 2.0147
648 1.6478
649 1.4232
650 1.1709
651 0.96359
652 0.82971
653 0.70657
654 0.59611
655 0.50707
656 0.43292
657 0.36926
658 0.31151
659 0.2595
660 0.21846
661 0.18872
662 0.16452
663 0.14401
664 0.12571
665 0.10962
666 0.095211
667 0.081891
668 0.068854
669 0.056631
670 0.046203
671 0.038419
672 0.032308
673 0.027271
674 0.023091
675 0.019482
676 0.016454
677 0
678 0
679 0
680 0
681 0
682 0
683 0
684 0
685 0
686 0
687 0
688 0
689 0
690 0
691 0
692 0
693 0
694 0
695 0
696 0
697 0
698 0
699 0
700 0
