400 0
401 0
402 0
403 0
404 0
405 0
406 0
407 0
408 0
409 0
410 0
411 0
412 0.019408
413 0.022182
414 0.024955
415 0.029878
416 0.036654
417 0.043429
418 0.057181
419 0.071564
420 0.088992
421 0.10752
422 0.13801
423 0.17219
424 0.21286
425 0.26223
426 0.31882
427 0.38018
428 0.44727
429 0.52329
430 0.60657
431 0.70191
432 0.84732
433 1.0399
434 1.2606
435 1.473
436 1.6702
437 1.956
438 2.2074
439 2.4989
440 2.8153
441 3.0424
442 3.2544
443 3.445
444 3.6203
445 3.7729
446 3.9291
447 4.0565
448 4.1753
449 4.294
450 4.4113
451 4.4906
452 4.5224
453 4.5441
454 4.5588
455 4.5719
456 4.5579
457 4.5274
458 4.3816
459 4.1902
460 4.0002
461 3.8117
462 3.5599
463 3.3333
464 3.0829
465 2.7796
466 2.5804
467 2.4327
468 2.3046
469 2.1502
470 2.0227
471 1.9321
472 1.8305
473 1.7288
474 1.6599
475 1.613
476 1.5797
477 1.5512
478 1.5352
479 1.528
480 1.5235
481 1.5346
482 1.5784
483 1.6666
484 1.7827
485 1.9047
486 2.0151
487 2.1204
488 2.2258
489 2.3402
490 2.4656
491 2.6011
492 2.7334
493 2.8712
494 3.0271
495 3.1604
496 3.2856
497 3.3873
498 3.4622
499 3.5293
500 3.5885
501 3.6241
502 3.6472
503 3.6472
504 3.6472
505 3.6472
506 3.6472
507 3.6472
508 3.6472
509 3.6472
510 3.6445
511 3.6415
512 3.6388
513 3.6529
514 3.6682
515 3.6897
516 3.7112
517 3.745
518 3.7835
519 3.8221
520 3.8648
521 3.9074
522 3.9478
523 3.9722
524 3.9966
525 4.0232
526 4.0499
527 4.0561
528 4.0529
529 4.0497
530 4.0528
531 4.0562
532 4.0494
533 4.026
534 4.0101
535 4.0014
536 3.9927
537 3.9781
538 3.9578
539 3.9375
540 3.9259
541 3.9152
542 3.9096
543 3.9096
544 3.9096
545 3.9096
546 3.9096
547 3.8952
548 3.8715
549 3.8477
550 3.821
551 3.7943
552 3.7848
553 3.7816
554 3.7784
555 3.7784
556 3.7784
557 3.7762
558 3.7599
559 3.7436
560 3.73
561 3.7165
562 3.7085
563 3.7085
564 3.7085
565 3.7085
566 3.7085
567 3.7144
568 3.7296
569 3.7455
570 3.767
571 3.7885
572 3.8146
573 3.8431
574 3.8828
575 3.9336
576 3.9788
577 4.0223
578 4.0937
579 4.1699
580 4.2403
581 4.3221
582 4.4163
583 4.5191
584 4.6313
585 4.7511
586 4.8659
587 4.9676
588 5.0693
589 5.1698
590 5.2658
591 5.3545
592 5.2908
593 5.1655
594 5.0315
595 4.8886
596 4.7582
597 4.6294
598 4.5064
599 4.378
600 4.2663
601 4.1674
602 4.082
603 4.0345
604 3.995
605 3.962
606 3.9391
607 3.918
608 3.9136
609 3.9096
610 3.9096
611 3.9109
612 3.9275
613 3.962
614 4.0143
615 4.0746
616 4.1432
617 4.2141
618 4.2938
619 4.3792
620 4.4758
621 4.5777
622 4.6869
623 4.8964
624 5.0859
625 5.2384
626 5.4196
627 5.7418
628 5.9792
629 6.3633
630 6.653
631 6.98
632 7.2797
633 7.5207
634 7.7464
635 7.9839
636 8.1407
637 8.066
638 7.8896
639 7.6246
640 7.3702
641 7.0439
642 6.4831
643 5.6926
644 5.1401
645 4.4407
646 3.9447
647 3.6835
648 3.4219
649 3.1562
650 2.878
651 2.5375
652 2.3768
653 2.2276
654 2.0691
655 1.9236
656 1.799
657 1.7129
658 1.6268
659 1.5575
660 1.4901
661 1.4254
662 1.3735
663 1.3217
664 1.273
665 1.2315
666 1.1901
667 1.1486
668 1.1114
669 1.0758
670 1.0402
671 1.0057
672 0.97371
673 0.94176
674 0.91102
675 0.88357
676 0.85612
677 0.82745
678 0.79696
679 0.76646
680 0.73824
681 0.71703
682 0.69581
683 0.6746
684 0.66297
685 0.65188
686 0.64079
687 0.62417
688 0.6061
689 0.58802
690 0.56995
691 0.56119
692 0.55323
693 0.54528
694 0.52963
695 0.5093
696 0.50336
697 0.499
698 0.48297
699 0.46555
700 0
